0.832894
0.8550195070833334
0.8594144520833334
0.8608133208333334
0.8675024683333333
0.8683540175000001
0.8689493633333334
0.8689541958333334
0.8689726695833334
0.8689771087499999
0.8689771087499999
0.8701096495833335
0.8701096495833335
0.8701097383333334
0.8720354849999999
0.8727317600000001
0.8728582641666667
0.87332097375
0.8733238750000001
0.8733238750000001
0.87333040625
0.87333040625
0.873331725
0.873331725
0.873331725
0.873331725
0.8747298866666666
0.8747310291666667
0.8747310291666667
0.8747310291666667
