0.9906010017864689
0.9916636620568321
0.99170169550595
0.9914497999176758
0.9924302951231403
0.9924637276517843
0.9917637072360582
0.9940244442076204
0.9906199443500434
0.9940266910569611
0.9934316090114286
0.9940272816555844
0.9916498042326753
0.994342735708987
0.9908910371416624
0.9946220859843378
0.9928373001425715
0.994622290719065
0.9948153728309278
0.9949413845346176
0.9925321955151994
0.9949765254827494
0.9925291214327324
0.9943098548866495
0.9925706463363323
0.9951359843412633
0.9951363915594188
0.9951351063608781
0.9927855244401343
0.9921946998170817
0.9951362568486376
0.9933404910046115
0.9932655638448374
0.9932751368436502
0.9951358302498399
0.9939295033508028
0.9920952286700478
0.9932112883371078
0.9950482313258797
0.992087873097945
0.9950485387517061
0.9950483083171242
0.9945572117342897
0.9938275302955287
0.9950484968384465
0.9950485399431629
0.9950491523385955
0.9920677224378592
0.9950479149040011
0.9950473623430055
0.9950819082794966
0.9950823060108316
0.9950819823215205
0.9944685976952434
0.9926788140171815
0.9950824747810474
0.9950818622486969
0.9921009374966895
0.9926279403726367
0.9950813930905201
0.993945330242832
0.9932867994350794
0.9944509120876015
0.9950858103199214
0.9950847768020458
0.995086753645807
0.9920955815754401
0.9921014132089447
0.9926959182762802
0.9950848950226884
0.9950842852159613
0.9932114448606342
0.9950855364170421
0.9950839500066377
0.9950855416678901
0.9950853701882375
0.9950849405891486
0.9950864767467975
0.9938781476605246
0.9950855664223411
0.9939452030622463
0.9932985727729686
0.9951138182100745
0.9951131193117722
0.992153412409708
0.9927142177778691
0.9938187278588578
0.9927152187873657
0.9951132920413555
0.9940186960825662
0.9927791010466274
0.9928533195402883
0.9933949771981
0.9940462259550947
0.9922400512958522
0.9927164036697779
0.9951994893671248
0.9933174737714998
0.9945131513614037
0.9939474373633961
