44388.7000	58848.0000	131027	53	56	9	5	129	519	1134	0.55	R1: 0 10 5 10 5 9 7 2 8 6 8 3 1 9 7 6 4 10 6 4 2 3 6 10 0  R2: 0 11 7 5 1 2 5 11 6 5 3 7 4 5 1 10 1 8 3 0  R3: 0 7 3 1 5 0  R4: 0 1 4 1 8 1 8 1 10 7 9 11 2 9 0  R5: 0 9 2 5 1 4 3 5 7 10 6 0  		
45261.0000	52608.0000	133530	53	49	8	5	134	533	1140	0.5	R1: 0 10 5 10 5 9 7 2 8 6 8 3 1 9 7 6 4 10 6 4 2 3 6 10 0  R2: 0 11 7 5 1 2 5 11 6 5 3 7 4 5 1 10 1 8 3 0  R3: 0 7 3 1 5 0  R4: 0 1 4 1 8 1 8 1 10 7 9 11 2 9 8 0  R5: 0 9 2 5 1 4 3 5 7 10 6 0  		
46649.6000	46548.0000	140126	53	49	7	5	129	546	1219	0.5	R1: 0 10 5 10 5 9 7 2 8 6 8 3 1 9 7 6 4 10 6 4 2 3 6 10 0  R2: 0 11 7 5 1 2 5 11 6 5 3 7 4 5 1 10 1 8 3 0  R3: 0 7 3 1 5 0  R4: 0 1 4 1 8 1 8 1 10 7 9 11 2 9 8 0  R5: 0 9 2 5 1 8 1 5 7 10 6 8 1 0  		
47889.5000	46536.0000	140355	53	35	7	5	153	575	1154	0.44999999999999996	R1: 0 10 5 10 5 9 7 2 8 6 8 3 1 9 7 6 4 10 6 4 2 3 6 10 0  R2: 0 11 7 5 1 2 5 11 6 5 3 7 4 5 1 10 1 8 3 0  R3: 0 7 3 1 5 0  R4: 0 1 4 8 1 8 1 10 7 9 11 10 2 10 6 8 0  R5: 0 9 2 5 1 4 3 2 5 7 9 8 1 0  		
48421.2000	40774.0000	145272	53	73	6	6	127	553	1238	0.5416666666666667	R1: 0 10 5 10 5 9 7 2 8 6 8 3 1 9 7 6 4 10 6 4 2 3 6 10 0  R2: 0 11 7 5 1 2 5 11 6 5 3 7 4 5 1 10 1 8 3 0  R3: 0 7 3 1 5 0  R4: 0 1 4 1 8 1 8 1 10 7 9 11 0  R5: 0 9 2 5 1 8 1 5 7 10 6 8 1 0  R6: 0 4 3 2 9 8 0  		
49655.9000	40596.0000	147389	53	73	6	6	133	574	1211	0.5	R1: 0 10 5 10 5 9 7 2 8 6 8 3 1 9 7 6 4 10 6 4 2 3 6 10 0  R2: 0 11 7 5 1 2 5 11 6 5 3 7 4 5 1 10 1 8 3 0  R3: 0 7 3 1 5 0  R4: 0 1 4 1 8 1 8 1 10 7 9 11 0  R5: 0 9 2 5 1 8 1 2 10 6 9 8 1 0  R6: 0 4 3 2 5 7 8 0  		
50100.0000	34858.2857	146760	53	108	5	7	137	562	1298	0.5357142857142857	R1: 0 10 7 9 11 0  R2: 0 1 5 1 4 1 8 1 0  R3: 0 10 5 10 5 9 7 2 8 6 8 3 1 9 7 6 4 10 6 4 2 3 6 10 0  R4: 0 11 7 5 1 2 5 11 6 5 3 7 4 5 1 10 1 8 3 0  R5: 0 7 3 1 5 0  R6: 0 9 2 5 1 8 1 5 7 10 6 8 1 0  R7: 0 4 3 2 9 8 0  		
50877.7000	34032.0000	142677	53	39	5	5	136	628	1212	0.4	R1: 0 3 1 4 3 1 9 8 1 10 7 4 3 2 8 9 0  R2: 0 10 5 10 5 9 7 2 8 6 8 3 1 9 7 6 4 10 6 4 2 3 6 10 0  R3: 0 11 7 5 1 2 5 11 6 5 3 7 4 5 1 10 1 8 3 0  R4: 0 7 3 1 5 0  R5: 0 9 2 5 1 8 1 5 7 10 6 8 1 0  		
50988.2000	28764.0000	148032	53	108	4	7	147	577	1309	0.5	R1: 0 10 7 9 11 10 0  R2: 0 1 5 1 4 1 8 1 0  R3: 0 10 5 10 5 9 7 2 8 6 8 3 1 9 7 6 4 10 6 4 2 3 6 10 0  R4: 0 11 7 5 1 2 5 11 6 5 3 7 4 5 1 10 1 8 3 0  R5: 0 7 3 1 5 0  R6: 0 9 2 5 1 8 1 5 7 10 6 8 1 0  R7: 0 4 3 2 9 8 0  		
52238.4000	28406.0000	152204	53	67	4	6	138	615	1334	0.45833333333333337	R1: 0 9 10 9 11 0  R2: 0 3 1 3 5 9 8 1 10 7 4 3 2 9 8 0  R3: 0 10 5 10 5 9 7 2 8 6 8 3 1 9 7 6 4 10 6 4 2 3 6 10 0  R4: 0 11 7 5 1 2 5 11 6 5 3 7 4 5 1 10 1 8 3 0  R5: 0 7 3 1 5 0  R6: 0 9 2 5 1 8 1 5 7 10 6 8 1 0  		
52551.3000	28370.0000	151543	53	115	4	6	135	612	1287	0.45833333333333337	R1: 0 3 1 3 5 9 8 1 10 7 4 3 2 8 0  R2: 0 10 5 10 5 9 7 2 8 6 8 3 1 9 7 6 4 10 6 4 2 3 6 10 0  R3: 0 11 7 5 1 2 5 11 6 5 3 7 4 5 1 10 1 8 3 0  R4: 0 7 3 1 5 0  R5: 0 1 4 1 8 1 0  R6: 0 9 2 5 1 8 1 5 7 10 6 8 1 0  		
53713.7000	22562.0000	154007	53	115	3	6	151	630	1303	0.45833333333333337	R1: 0 3 1 3 5 9 8 1 10 7 9 11 10 2 8 0  R2: 0 10 5 10 5 9 7 2 8 6 8 3 1 9 7 6 4 10 6 4 2 3 6 10 0  R3: 0 11 7 5 1 2 5 11 6 5 3 7 4 5 1 10 1 8 3 0  R4: 0 7 3 1 5 0  R5: 0 1 4 1 8 1 0  R6: 0 9 2 5 1 8 1 5 7 10 6 8 1 0  		
53812.4000	22430.0000	149724	53	72	3	6	140	652	1246	0.45833333333333337	R1: 0 3 1 4 3 1 8 1 9 10 7 9 11 2 8 9 0  R2: 0 10 5 10 5 9 7 2 8 6 8 3 1 9 7 6 4 10 6 4 2 3 6 10 0  R3: 0 11 7 5 1 2 5 11 6 5 3 7 4 5 1 10 1 8 3 0  R4: 0 7 3 1 5 0  R5: 0 9 2 5 1 8 1 5 7 10 6 8 1 0  R6: 0 4 3 0  		
54165.6000	22370.0000	154496	53	115	3	6	135	638	1306	0.45833333333333337	R1: 0 3 1 3 5 9 8 1 10 7 4 3 2 8 9 0  R2: 0 10 5 10 5 9 7 2 8 6 8 3 1 9 7 6 4 10 6 4 2 3 6 10 0  R3: 0 11 7 5 1 2 5 11 6 5 3 7 4 5 1 10 1 8 3 0  R4: 0 7 3 1 5 0  R5: 0 1 4 1 8 1 0  R6: 0 9 2 5 1 8 1 5 7 10 6 8 1 0  		
54249.5000	17083.5000	159025	53	125	2	8	158	603	1367	0.53125	R1: 0 9 10 9 11 2 9 0  R2: 0 10 7 4 3 0  R3: 0 3 9 1 4 3 5 8 1 0  R4: 0 10 5 10 5 9 7 2 8 6 8 3 1 9 7 6 4 10 6 4 2 3 6 10 0  R5: 0 1 8 0  R6: 0 11 7 5 1 2 5 11 6 5 3 7 4 5 1 10 1 8 3 0  R7: 0 7 3 1 5 0  R8: 0 9 2 5 1 8 1 5 7 10 6 8 1 0  		
54947.4000	16620.0000	159874	53	115	2	7	135	630	1350	0.5	R1: 0 9 10 0  R2: 0 3 1 3 5 9 8 1 10 7 4 3 2 9 8 0  R3: 0 10 5 10 5 9 7 2 8 6 8 3 1 9 7 6 4 10 6 4 2 3 6 10 0  R4: 0 11 7 5 1 2 5 11 6 5 3 7 4 5 1 10 1 8 3 0  R5: 0 7 3 1 5 0  R6: 0 1 4 1 8 1 0  R7: 0 9 2 5 1 8 1 5 7 10 6 8 1 0  		
55178.0000	16598.0000	156960	53	115	2	6	154	653	1322	0.45833333333333337	R1: 0 3 1 3 5 9 8 1 10 7 9 11 10 2 8 9 0  R2: 0 10 5 10 5 9 7 2 8 6 8 3 1 9 7 6 4 10 6 4 2 3 6 10 0  R3: 0 11 7 5 1 2 5 11 6 5 3 7 4 5 1 10 1 8 3 0  R4: 0 7 3 1 5 0  R5: 0 1 4 1 8 1 0  R6: 0 9 2 5 1 8 1 5 7 10 6 8 1 0  		
57256.9000	16514.0000	157799	68	115	2	6	147	690	1317	0.45833333333333337	R1: 0 3 1 3 5 9 8 1 10 7 9 11 2 8 9 10 0  R2: 0 10 5 10 5 9 7 2 8 6 8 3 1 9 7 6 4 10 6 4 2 3 6 10 0  R3: 0 11 7 5 1 2 5 11 6 5 3 7 4 5 1 10 1 8 3 0  R4: 0 7 3 1 5 0  R5: 0 1 4 1 8 1 0  R6: 0 9 2 5 1 8 1 5 7 10 6 8 1 0  		
59776.2000	16120.0000	149172	74	140	2	6	135	748	1439	0.41666666666666663	R1: 0 3 9 2 11 7 5 1 6 8 5 7 1 8 1 6 4 10 6 8 1 8 3 0  R2: 0 1 5 3 1 8 1 0  R3: 0 1 4 3 0  R4: 0 10 5 10 5 2 6 8 1 8 9 3 4 6 7 2 3 9 10 7 3 6 1 5 10 0  R5: 0 2 5 10 7 9 11 9 7 0  R6: 0 9 11 6 2 1 3 4 5 7 1 10 2 6 4 0  		
59936.9000	16072.0000	148779	74	140	2	6	131	752	1439	0.41666666666666663	R1: 0 3 9 2 11 7 5 1 6 8 5 7 1 8 1 6 4 10 6 8 1 8 3 0  R2: 0 1 3 5 1 8 1 0  R3: 0 1 4 3 0  R4: 0 10 5 10 5 2 6 8 1 8 9 3 4 6 7 2 3 9 10 7 3 6 1 5 10 0  R5: 0 2 5 10 7 9 11 9 7 0  R6: 0 9 11 6 2 1 3 4 5 7 1 10 2 6 4 0  		
60430.2000	16000.0000	148142	74	141	2	6	125	763	1434	0.41666666666666663	R1: 0 3 9 2 11 7 5 1 6 8 5 7 1 8 1 6 10 6 4 8 1 8 3 0  R2: 0 1 3 5 1 8 1 0  R3: 0 1 3 4 0  R4: 0 10 5 10 5 2 6 8 1 8 9 3 4 6 7 2 3 9 10 7 3 6 1 5 10 0  R5: 0 2 5 10 7 9 11 9 7 0  R6: 0 9 11 6 2 1 3 4 5 7 1 10 2 6 4 0  		
61869.5000	15870.0000	148375	74	141	2	6	135	793	1350	0.375	R1: 0 3 9 2 11 7 5 1 6 2 5 7 1 8 1 9 6 4 7 8 1 8 3 0  R2: 0 1 5 3 1 8 1 0  R3: 0 1 3 4 0  R4: 0 10 5 10 5 2 6 8 1 8 9 3 4 6 7 2 3 9 10 7 3 6 1 5 10 0  R5: 0 9 11 2 8 10 6 0  R6: 0 9 11 6 2 1 3 4 5 7 1 10 2 6 4 0  		
61910.9000	15804.0000	146669	75	145	2	5	142	808	1354	0.35	R1: 0 3 9 2 11 7 5 1 2 6 5 7 1 2 8 6 4 8 1 8 3 0  R2: 0 1 3 5 7 1 8 1 2 10 7 9 11 8 1 10 6 0  R3: 0 10 5 10 5 2 6 8 1 8 9 3 4 6 7 2 3 9 10 7 3 6 1 5 10 0  R4: 0 1 4 0  R5: 0 9 11 6 2 1 3 4 5 7 1 10 2 6 4 0  		
62252.1000	15420.0000	147391	74	140	2	5	135	815	1343	0.30000000000000004	R1: 0 3 9 2 11 7 5 1 2 6 5 7 1 2 8 6 4 8 1 8 3 0  R2: 0 1 3 5 1 7 2 8 10 7 9 11 8 1 10 6 0  R3: 0 1 4 3 0  R4: 0 10 5 10 5 2 6 8 1 8 9 3 4 6 7 2 3 9 10 7 3 6 1 5 10 0  R5: 0 9 11 6 2 1 3 4 5 7 1 10 2 6 4 0  		
62737.4000	10441.7143	157334	74	140	1	7	138	779	1434	0.4642857142857143	R1: 0 3 9 2 11 7 5 1 2 5 10 7 5 1 8 1 7 6 4 10 6 8 1 8 3 0  R2: 0 6 8 9 11 2 8 0  R3: 0 1 3 5 1 8 1 0  R4: 0 1 4 3 0  R5: 0 10 5 10 5 2 6 8 1 8 9 3 4 6 7 2 3 9 10 7 3 6 1 5 10 0  R6: 0 9 7 0  R7: 0 9 11 6 2 1 3 4 5 7 1 10 2 6 4 0  		
63139.0000	10108.0000	151340	75	145	1	6	134	810	1415	0.41666666666666663	R1: 0 3 9 2 11 7 5 1 2 6 5 7 1 8 1 9 6 4 7 8 1 8 3 0  R2: 0 2 8 10 6 0  R3: 0 1 3 5 7 1 8 1 2 10 7 9 11 0  R4: 0 10 5 10 5 2 6 8 1 8 9 3 4 6 7 2 3 9 10 7 3 6 1 5 10 0  R5: 0 1 4 0  R6: 0 9 11 6 2 1 3 4 5 7 1 10 2 6 4 0  		
63251.5000	10035.4286	152565	74	140	1	7	122	799	1425	0.4285714285714286	R1: 0 10 7 9 11 0  R2: 0 3 9 2 11 7 5 1 2 6 5 7 1 8 1 9 6 4 7 8 1 8 3 0  R3: 0 2 8 10 6 0  R4: 0 1 3 5 1 8 1 0  R5: 0 1 4 3 0  R6: 0 10 5 10 5 2 6 8 1 8 9 3 4 6 7 2 3 9 10 7 3 6 1 5 10 0  R7: 0 9 11 6 2 1 3 4 5 7 1 10 2 6 4 0  		
63346.4000	10024.0000	155384	74	133	1	6	127	809	1422	0.41666666666666663	R1: 0 3 9 2 11 7 5 1 2 6 5 7 1 8 1 9 6 4 7 8 1 8 3 0  R2: 0 2 8 10 6 0  R3: 0 1 3 5 7 8 1 2 10 7 9 11 0  R4: 0 10 5 10 5 2 6 8 1 8 9 3 4 6 7 2 3 9 10 7 3 6 1 5 10 0  R5: 0 1 4 1 8 0  R6: 0 9 11 6 2 1 3 4 5 7 1 10 2 6 4 0  		
63436.6000	10023.4286	152936	74	140	1	7	121	802	1423	0.4285714285714286	R1: 0 10 7 9 11 0  R2: 0 3 9 2 11 7 5 1 6 2 5 7 1 8 1 9 6 4 7 8 1 8 3 0  R3: 0 2 8 10 6 0  R4: 0 1 3 5 1 8 1 0  R5: 0 1 4 3 0  R6: 0 10 5 10 5 2 6 8 1 8 9 3 4 6 7 2 3 9 10 7 3 6 1 5 10 0  R7: 0 9 11 6 2 1 3 4 5 7 1 10 2 6 4 0  		
63531.5000	10012.0000	155755	74	133	1	6	126	812	1420	0.41666666666666663	R1: 0 3 9 2 11 7 5 1 6 2 5 7 1 8 1 9 6 4 7 8 1 8 3 0  R2: 0 2 8 10 6 0  R3: 0 1 3 5 7 8 1 2 10 7 9 11 0  R4: 0 10 5 10 5 2 6 8 1 8 9 3 4 6 7 2 3 9 10 7 3 6 1 5 10 0  R5: 0 1 4 1 8 0  R6: 0 9 11 6 2 1 3 4 5 7 1 10 2 6 4 0  		
63550.3000	9870.0000	152253	74	140	1	6	135	818	1405	0.375	R1: 0 3 9 2 11 7 5 1 2 6 5 7 1 2 8 6 4 8 1 8 3 0  R2: 0 1 3 5 1 7 2 8 10 7 9 11 8 1 10 6 0  R3: 0 1 4 3 0  R4: 0 10 5 10 5 2 6 8 1 8 9 3 4 6 7 2 3 9 10 7 3 6 1 5 10 0  R5: 0 9 7 0  R6: 0 9 11 6 2 1 3 4 5 7 1 10 2 6 4 0  		
63895.2000	9809.1429	150272	74	143	1	7	121	816	1412	0.3928571428571429	R1: 0 3 9 2 11 7 5 1 6 2 5 7 1 8 1 9 6 4 7 8 1 8 3 0  R2: 0 10 6 0  R3: 0 1 5 3 0  R4: 0 1 3 4 0  R5: 0 10 5 10 5 2 6 8 1 8 9 3 4 6 7 2 3 9 10 7 3 6 1 5 10 0  R6: 0 7 1 8 1 2 10 7 9 11 0  R7: 0 9 11 6 2 1 3 4 5 7 1 10 2 6 4 0  		
64154.8000	3858.0000	152488	75	141	0	6	134	829	1414	0.375	R1: 0 3 9 2 11 7 5 1 2 6 5 7 1 8 1 9 6 4 7 8 1 8 3 0  R2: 0 2 8 10 6 0  R3: 0 1 3 5 7 1 8 1 2 10 7 9 11 0  R4: 0 1 3 4 0  R5: 0 10 5 10 5 2 6 8 1 8 9 3 4 6 7 2 3 9 10 7 3 6 1 5 10 0  R6: 0 9 11 6 2 1 3 4 5 7 1 10 2 6 4 0  		
67193.0000	3833.1429	156410	74	140	0	7	123	871	1382	0.3928571428571429	R1: 0 3 9 2 11 7 5 1 6 2 5 7 1 8 2 6 4 8 1 8 3 1 0  R2: 0 10 6 0  R3: 0 1 5 3 1 8 0  R4: 0 1 4 3 0  R5: 0 10 5 10 5 2 6 8 1 8 9 3 4 6 7 2 3 9 10 7 3 6 1 5 10 0  R6: 0 7 8 1 2 10 7 9 11 9 7 0  R7: 0 9 11 6 2 1 3 4 5 7 1 10 2 6 4 0  		
73603.8000	3692.0000	164978	138	114	0	6	141	988	1358	0.33333333333333337	R1: 0 3 9 2 11 7 5 1 2 5 10 7 5 7 3 1 6 4 10 6 8 1 8 3 0  R2: 0 6 8 9 11 9 5 7 0  R3: 0 1 3 5 1 7 2 8 0  R4: 0 1 4 8 1 3 0  R5: 0 10 5 10 5 2 6 8 1 8 9 3 4 6 7 2 3 9 10 7 3 6 1 5 10 0  R6: 0 9 11 6 8 2 1 5 1 2 6 4 8 10 0  		
74523.8000	3228.0000	159958	94	140	0	7	144	1009	1258	0.25	R1: 0 6 8 10 8 1 9 7 10 6 0  R2: 0 3 1 5 3 1 8 9 0  R3: 0 10 5 10 5 2 6 8 1 8 9 3 4 6 7 2 3 9 10 7 3 6 10 1 0  R4: 0 7 11 2 7 2 5 9 1 2 5 8 7 11 8 3 1 0  R5: 0 2 5 8 5 1 0  R6: 0 1 4 0  R7: 0 9 11 6 2 1 3 6 5 1 4 2 6 4 1 5 10 0  		
75535.8000	2728.0000	154908	133	107	0	6	144	1051	1281	0.16666666666666663	R1: 0 6 8 10 8 1 9 7 10 6 0  R2: 0 3 9 1 5 8 1 4 3 0  R3: 0 10 5 10 5 2 6 8 1 8 9 3 4 6 7 2 3 9 10 7 3 6 10 1 0  R4: 0 7 11 2 7 2 5 9 1 2 5 8 7 11 8 3 1 0  R5: 0 2 5 1 5 8 1 0  R6: 0 9 11 6 2 1 3 6 5 1 4 2 6 4 1 5 10 0  		
