0.9924610965009295
0.9926223665042114
0.9927744208403921
0.9927744318565541
0.9931001348387817
0.9931002878807894
0.9936647671256075
0.993665168011322
0.990658792882
0.992982944533012
0.9930944421807518
0.9938260137820001
0.9930373016403425
0.9939697469682857
0.9944345299371429
0.992296546108
0.9905114876259999
0.9942025714000001
0.9943645514354285
0.9946048570402857
0.9948806802302858
0.9948808974782857
0.9948812830142857
0.9948816390131429
0.994882018454
0.994882432574
0.9951238800559999
0.99512419688
0.995124359918
0.995124477746
0.995124841388
0.9951249767899999
0.99512507573
0.995125215782
0.9951254449579999
0.995181804738
0.9951819717479999
0.9951820882079999
0.9951821388059999
0.9953243611814161
0.9953243656089962
0.9953042594723521
0.995397927686908
0.9953979297213041
0.9954754059779133
0.9953979523971556
0.9953968023719595
0.9954754734778155
0.9954754943351595
0.9954755055558075
0.9954755142956475
0.9954755147515515
0.9954756377002875
0.9954756951942795
0.9954757007035755
0.9954757166121058
0.9954757832603698
0.9954758078702698
0.9954758371082698
0.9954758371082698
0.9954758371082698
0.9954758371082698
0.9954758371082698
0.9954758371082698
0.9954758752015498
0.9954758752015498
0.9954758752015498
0.9954759231295498
0.9954759349905418
0.9954760133325418
0.9954760133325418
0.9954760133325418
0.9954760537838218
0.9954760774162618
0.9954760774162618
0.9954761262121018
0.9954761262121018
0.9954761541718617
0.9954761541718617
0.9954761541718617
0.9954761858624818
0.9954761858624818
0.9954761997602938
0.9954761997602938
0.9954762123743338
0.9954762123743338
0.9954762123743338
0.9954762123743338
0.9954762123743338
0.9954762123743338
0.9954762123743338
0.9954762334715578
0.9954762334715578
0.9954762334715578
0.9954762334715578
0.9954762495947458
0.9954762644899018
0.9954762653618218
0.9954762653618218
0.9954762653618218
