

	155719.0	72000.0
	161486.0	60000.0
	161528.0	42000.0
	164746.0	0.0


	144049.0	60000.0
	145061.0	54000.0
	155253.0	48000.0
	157965.0	42000.0
	159951.0	30000.0
	164746.0	0.0


	135427.0	78000.0
	139123.0	60000.0
	140440.0	54000.0
	151270.0	42000.0
	151540.0	36000.0
	159951.0	30000.0
	164746.0	0.0


	135427.0	78000.0
	136677.0	72000.0
	139123.0	60000.0
	140440.0	54000.0
	151270.0	42000.0
	151540.0	36000.0
	152538.0	30000.0
	164746.0	0.0


	126851.0	78000.0
	136677.0	72000.0
	139123.0	60000.0
	140440.0	54000.0
	140932.0	48000.0
	146893.0	42000.0
	151540.0	36000.0
	152538.0	30000.0
	164746.0	0.0


	115158.0	96000.0
	121899.0	78000.0
	134102.0	72000.0
	134468.0	60000.0
	140440.0	54000.0
	140607.0	48000.0
	146893.0	42000.0
	151540.0	36000.0
	152538.0	30000.0
	164746.0	0.0


	115158.0	96000.0
	121899.0	78000.0
	128694.0	60000.0
	138397.0	54000.0
	138579.0	48000.0
	144878.0	36000.0
	151517.0	24000.0
	164746.0	0.0


	115158.0	96000.0
	121899.0	78000.0
	128694.0	60000.0
	137884.0	48000.0
	140867.0	36000.0
	151517.0	24000.0
	164746.0	0.0


	115158.0	96000.0
	121899.0	78000.0
	128694.0	60000.0
	135418.0	54000.0
	137884.0	48000.0
	140867.0	36000.0
	151517.0	24000.0
	164746.0	0.0


	114724.0	90000.0
	121899.0	78000.0
	124605.0	60000.0
	135418.0	54000.0
	137884.0	48000.0
	140867.0	36000.0
	151517.0	24000.0
	164746.0	0.0


