

	157641.0	54000.0
	163327.0	36000.0
	164746.0	0.0


	148563.0	54000.0
	151462.0	48000.0
	159135.0	36000.0
	161530.0	30000.0
	164746.0	0.0


	134869.0	78000.0
	138050.0	66000.0
	146642.0	54000.0
	151462.0	48000.0
	154724.0	36000.0
	161530.0	30000.0
	164746.0	0.0


	133763.0	72000.0
	137816.0	54000.0
	145800.0	48000.0
	154724.0	36000.0
	161530.0	30000.0
	164746.0	0.0


	127428.0	78000.0
	133763.0	72000.0
	136474.0	54000.0
	144470.0	48000.0
	147917.0	42000.0
	152960.0	36000.0
	155002.0	30000.0
	164746.0	0.0


	125257.0	84000.0
	127428.0	78000.0
	132388.0	60000.0
	136474.0	54000.0
	142236.0	48000.0
	147688.0	42000.0
	149224.0	36000.0
	155002.0	30000.0
	164746.0	0.0


	125257.0	84000.0
	127428.0	78000.0
	131820.0	66000.0
	132388.0	60000.0
	136474.0	54000.0
	137327.0	48000.0
	141570.0	42000.0
	149224.0	36000.0
	155002.0	30000.0
	160948.0	24000.0
	164746.0	0.0


	117766.0	90000.0
	125257.0	84000.0
	127428.0	78000.0
	127739.0	66000.0
	132388.0	60000.0
	136474.0	54000.0
	137327.0	48000.0
	141570.0	42000.0
	142088.0	36000.0
	155002.0	30000.0
	160948.0	24000.0
	164746.0	0.0


	117766.0	90000.0
	125257.0	84000.0
	127428.0	78000.0
	127513.0	66000.0
	131197.0	60000.0
	131898.0	54000.0
	137327.0	48000.0
	141570.0	42000.0
	142088.0	36000.0
	155002.0	30000.0
	160948.0	24000.0
	164746.0	0.0


	115597.0	90000.0
	125257.0	84000.0
	127428.0	78000.0
	127513.0	66000.0
	131197.0	60000.0
	131898.0	54000.0
	137327.0	48000.0
	141570.0	42000.0
	142088.0	36000.0
	155002.0	30000.0
	156400.0	24000.0
	164746.0	0.0


