0.992125067701153
0.9923311329996031
0.9922651956120677
0.9923635272615732
0.9924234418465071
0.9927510017643092
0.9928109876083633
0.99246082437613
0.9927050654370666
0.9926908434107251
0.9925413111719674
0.9923412177928479
0.9926417264948045
0.9929926600906827
0.992757911387011
0.9930505465577125
0.9930506209623484
0.9930509315838851
0.9930505567528496
0.9930507327229294
0.993346048894805
0.993285224213464
0.9933460690719998
0.9933462661278257
0.9933461288682442
0.9933460897402647
0.9929374518351048
0.9933459633382917
0.9933463705304332
0.9933463098974982
0.9928960015996832
0.9933517131976755
0.993244270028552
0.9929618509522588
0.9926628187600384
0.9933518473924914
0.9931551307747798
0.9930250735023473
0.992932265706781
0.992716571673804
0.992862097805296
0.9931881833012002
0.9929060112657988
0.9933588079968122
0.9932417575004976
0.9933382943062589
0.993037604162198
0.9929273401100636
0.9929396455504147
0.993128506538889
0.9930670523093781
0.9932759735710439
0.9930373148884417
0.993543867030883
0.9933563221188016
0.9933697205106139
0.9936321139975915
0.9933558673265662
0.9932388624032163
0.9936321959476883
0.9931688999565014
0.993632141076264
0.9931818358640815
0.9932572991588433
0.9936320834044701
0.9930493614204915
0.9936523644788905
0.9933083985789702
0.9931684162655627
0.9930424373999113
0.9928646973341431
0.9929786461255087
0.9933778153249772
0.9931689295312865
0.9934024264765088
0.9931518498690275
0.9931369153158973
0.9936023990218402
0.9933985611349656
0.9931453395128663
0.9930637308682629
0.9933108058472948
0.9931975742383
0.9932383314280238
0.9931750954795276
0.9929991858102424
0.9931275565487925
0.9930910015611815
0.9931562475508289
0.9931989811623906
0.9932820279396797
0.9932677196781619
0.9928520092008372
0.9932476912251145
0.9934220464621839
0.9935340256628368
0.9933518172991079
0.9937087539540335
0.9931899032898706
0.993223482282568
