43626.0000	28547.0000	164130	55	147	0	10	123	832	1370	0.5	R1: 0 10 7 9 10 0  R2: 0 3 1 3 9 1 5 1 8 6 8 2 9 7 8 10 6 7 3 0  R3: 0 10 5 10 5 2 6 8 9 2 6 3 6 7 10 6 4 1 6 8 3 4 1 5 10 0  R4: 0 7 11 7 2 5 11 9 4 3 11 5 1 7 6 2 6 4 0  R5: 0 2 5 8 1 0  R6: 0 1 4 0  R7: 0 5 7 1 8 1 0  R8: 0 10 1 0  R9: 0 2 9 0  R10: 0 6 10 0  		
45040.0000	27332.6333	162223	100	126	0	9	170	840	1365	0.4722222222222222	R1: 0 10 7 0  R2: 0 3 1 3 9 1 5 8 1 8 6 4 3 2 9 7 10 6 0  R3: 0 11 6 0  R4: 0 10 5 6 2 5 10 2 9 2 5 6 9 3 6 3 4 11 6 4 7 3 10 6 1 5 10 0  R5: 0 7 11 2 7 6 5 1 8 2 7 5 1 8 2 6 3 4 7 10 0  R6: 0 5 7 8 1 0  R7: 0 1 4 8 1 0  R8: 0 10 1 8 3 1 0  R9: 0 9 2 0  		
45322.0000	25910.9000	158104	100	126	0	8	181	843	1351	0.40625	R1: 0 3 1 3 9 1 5 8 1 8 6 4 3 2 9 7 10 6 0  R2: 0 11 6 0  R3: 0 10 5 6 2 5 10 2 9 2 5 6 9 3 6 3 4 11 6 4 7 3 10 6 1 5 10 0  R4: 0 7 11 2 7 6 5 1 8 2 7 5 1 8 2 6 3 4 7 10 0  R5: 0 5 10 7 8 1 0  R6: 0 1 4 8 1 0  R7: 0 10 1 8 3 1 0  R8: 0 9 2 0  		
45406.0000	24716.2571	155174	100	126	0	7	188	843	1344	0.3571428571428571	R1: 0 3 1 3 9 1 5 8 1 8 6 4 3 2 9 7 10 6 0  R2: 0 10 5 6 2 5 10 2 9 2 5 6 9 3 6 3 4 11 6 4 7 3 10 6 1 5 10 0  R3: 0 7 11 2 7 6 5 1 8 2 7 5 1 8 2 6 3 4 7 10 0  R4: 0 5 10 7 8 1 0  R5: 0 1 4 8 1 0  R6: 0 10 1 8 3 1 0  R7: 0 9 2 11 6 0  		
47830.0000	24266.0714	153245	100	126	0	7	190	891	1301	0.3214285714285714	R1: 0 3 1 3 9 1 5 8 1 8 6 4 3 2 9 7 10 6 0  R2: 0 10 5 6 2 5 10 2 9 2 5 6 9 3 6 3 4 11 6 4 7 3 10 6 1 5 10 0  R3: 0 7 11 2 7 6 5 1 8 2 7 5 1 8 2 6 3 4 7 10 0  R4: 0 5 10 11 6 8 1 7 0  R5: 0 1 4 8 1 0  R6: 0 10 1 8 3 1 0  R7: 0 9 2 0  		
49078.0000	21414.4000	149424	99	78	0	5	174	920	1336	0.19999999999999996	R1: 0 3 9 2 5 1 5 1 6 8 6 8 2 3 4 9 10 6 2 6 1 8 6 10 0  R2: 0 1 5 1 3 8 1 4 10 7 9 11 10 0  R3: 0 10 5 10 5 2 6 8 9 2 6 3 6 7 10 6 4 1 6 8 3 4 1 5 10 0  R4: 0 7 11 7 2 5 11 5 4 3 1 9 7 5 1 6 7 3 0  R5: 0 10 1 0  		
55138.0000	21151.8000	151008	76	75	1	5	144	933	1251	0.15000000000000002	R1: 0 3 1 3 5 9 5 1 8 6 8 2 9 2 7 10 6 8 9 6 10 0  R2: 0 10 5 10 5 2 6 8 9 2 6 3 6 7 10 6 4 1 6 8 3 4 1 5 10 0  R3: 0 7 11 7 2 5 11 9 4 3 11 5 1 7 6 2 6 4 0  R4: 0 1 2 5 1 8 1 4 10 5 7 1 8 1 0  R5: 0 10 7 3 1 0  		
57170.0000	20830.8000	147428	79	80	2	5	190	842	1228	0.15000000000000002	R1: 0 3 1 3 1 9 5 1 8 9 2 6 4 3 2 9 7 10 6 0  R2: 0 10 5 6 2 5 10 2 9 2 5 6 9 3 6 3 4 11 6 4 7 3 10 6 1 5 10 0  R3: 0 7 11 2 7 6 5 1 8 2 7 5 1 7 8 2 3 6 10 0  R4: 0 1 4 8 1 8 1 10 7 5 11 6 7 0  R5: 0 6 8 3 1 4 0  		
57440.0000	20793.3000	147753	168	69	0	5	155	1078	1290	0.15000000000000002	R1: 0 3 9 1 3 5 8 1 4 10 7 9 11 9 7 0  R2: 0 10 6 0  R3: 0 10 5 10 5 2 6 8 1 8 9 3 4 6 7 2 3 9 10 7 3 6 1 5 10 0  R4: 0 7 11 2 7 6 11 6 1 3 5 7 6 4 8 1 8 3 10 0  R5: 0 2 1 5 1 2 9 2 5 8 2 7 5 1 8 6 4 2 6 0  		
58722.0000	20710.2000	149982	186	69	0	5	151	1101	1284	0.09999999999999998	R1: 0 3 9 1 3 5 8 1 4 10 7 9 11 9 7 0  R2: 0 10 5 10 5 2 6 8 1 8 9 3 4 6 7 2 3 9 10 7 3 6 1 5 10 0  R3: 0 5 10 6 1 0  R4: 0 7 11 2 7 6 11 6 1 3 5 7 6 4 8 1 8 3 10 0  R5: 0 2 1 5 1 2 9 2 5 8 2 8 7 1 6 4 2 6 0  		
59414.0000	19602.9000	150789	184	41	0	4	152	1115	1257	0.0625	R1: 0 3 9 1 3 5 8 1 4 10 7 9 8 9 7 11 10 6 1 0  R2: 0 10 5 10 5 2 6 8 1 8 9 3 4 6 7 2 3 9 10 7 3 6 1 5 10 0  R3: 0 7 11 2 7 6 11 6 1 3 5 7 6 4 8 1 8 3 10 0  R4: 0 2 1 5 1 2 9 2 5 1 2 8 5 7 1 6 2 6 4 0  		
61310.0000	19193.6000	149146	219	52	0	4	160	1144	1255	0.0	R1: 0 3 9 1 3 5 8 1 4 10 7 9 11 8 1 10 6 0  R2: 0 10 5 10 5 2 6 8 1 8 9 3 4 6 7 2 3 9 10 7 3 6 1 5 10 0  R3: 0 7 11 2 7 6 11 6 1 3 5 7 6 4 8 1 8 3 10 0  R4: 0 2 1 5 1 2 9 2 5 1 2 9 8 5 1 6 2 6 4 7 0  		
61964.0000	19082.2000	144182	177	54	1	4	162	1045	1241	0.0625	R1: 0 3 9 1 3 5 8 1 4 10 7 9 11 8 5 1 0  R2: 0 10 5 10 5 2 6 8 1 8 9 3 4 6 7 2 3 9 10 7 3 6 1 5 10 0  R3: 0 7 11 2 7 6 11 6 1 3 5 7 6 4 8 1 8 3 10 0  R4: 0 2 1 5 1 2 9 2 5 1 2 7 8 10 6 2 6 4 0  		
63190.0000	18814.5000	143045	168	69	1	4	155	1073	1282	0.0	R1: 0 3 9 1 3 5 8 1 4 10 7 9 11 9 7 0  R2: 0 10 5 10 5 2 6 8 1 8 9 3 4 6 7 2 3 9 10 7 3 6 1 5 10 0  R3: 0 7 11 2 7 6 11 6 1 3 5 7 6 4 8 1 8 3 10 0  R4: 0 2 1 5 1 2 9 2 5 8 2 7 5 1 8 6 4 2 6 0  		
68620.0000	18541.7000	140327	150	79	2	4	135	1070	1161	0.0	R1: 0 3 1 3 1 9 5 1 8 6 8 4 2 3 8 10 6 7 3 0  R2: 0 10 5 6 2 5 10 2 8 6 1 3 9 7 6 5 1 10 8 3 1 5 4 10 0  R3: 0 7 11 7 2 9 6 11 6 3 2 5 7 9 6 2 6 4 6 10 0  R4: 0 1 4 8 1 8 1 10 5 9 11 7 1 0  		
73704.0000	18387.9000	132419	58	70	5	4	177	820	1156	0.125	R1: 0 3 9 1 3 11 4 5 1 8 6 8 2 9 2 9 8 7 10 1 8 3 0  R2: 0 10 5 6 2 5 10 2 9 2 5 6 9 3 6 3 4 11 6 4 7 3 1 6 5 10 0  R3: 0 1 7 2 8 10 6 11 6 7 10 0  R4: 0 9 2 5 4 3 7 1 5 1 7 10 2 6 3 4 10 0  		
74420.0000	18314.4000	131794	58	70	5	4	170	836	1145	0.125	R1: 0 3 9 1 3 11 4 5 1 8 6 8 2 9 2 9 8 7 8 3 1 0  R2: 0 10 5 6 2 5 10 2 9 2 5 6 9 3 6 3 4 11 6 4 7 3 1 6 5 10 0  R3: 0 1 7 2 8 10 6 11 6 7 10 0  R4: 0 9 2 5 4 3 7 1 5 1 7 10 2 6 3 4 10 0  		
75750.0000	18278.8000	132818	182	56	4	4	190	953	1175	0.125	R1: 0 3 9 1 3 11 5 1 6 7 11 6 9 8 1 5 7 5 1 2 6 4 3 10 11 0  R2: 0 10 5 6 2 5 10 2 9 2 5 9 3 7 6 10 6 2 7 3 1 6 5 4 10 0  R3: 0 1 7 2 8 6 5 1 7 4 3 9 7 10 6 0  R4: 0 3 2 8 9 8 1 8 3 4 0  		
76932.0000	18068.4000	134304	176	57	4	4	156	986	1179	0.0625	R1: 0 3 9 1 3 11 7 5 1 2 11 9 5 3 6 2 9 4 8 1 8 3 11 0  R2: 0 2 9 5 8 7 10 1 7 3 0  R3: 0 10 5 6 2 5 10 2 8 9 5 2 3 1 7 6 4 10 6 2 6 3 6 1 5 10 4 0  R4: 0 1 8 1 8 1 6 5 6 4 3 10 7 1 5 1 0  		
77070.0000	18067.8000	134198	176	58	4	4	155	989	1177	0.0625	R1: 0 3 9 1 3 11 7 5 1 2 11 9 5 3 6 2 9 4 8 1 8 3 11 0  R2: 0 2 9 5 8 7 10 1 7 3 0  R3: 0 10 5 6 2 5 10 2 8 9 5 2 3 1 7 6 4 10 6 2 6 3 6 1 5 10 4 0  R4: 0 1 8 1 8 1 6 5 6 4 3 1 7 10 5 1 0  		
77484.0000	17952.9000	132779	176	61	4	4	152	998	1168	0.0625	R1: 0 3 9 1 3 11 7 5 1 2 11 9 5 3 6 2 9 4 8 1 8 3 11 0  R2: 0 2 9 5 8 7 10 1 7 3 0  R3: 0 10 5 6 2 5 10 2 8 9 5 2 3 1 7 6 4 10 6 2 6 3 6 1 5 10 4 0  R4: 0 1 8 1 8 1 6 5 6 4 3 7 10 5 1 0  		
82834.0000	17920.7000	131647	176	68	5	4	152	985	1165	0.0625	R1: 0 3 9 1 3 11 7 5 1 2 11 9 5 3 6 2 9 4 8 1 8 3 11 0  R2: 0 2 9 5 8 7 10 1 7 3 0  R3: 0 10 5 6 2 5 10 2 8 9 5 2 3 1 7 6 4 10 6 2 6 3 6 1 5 10 4 0  R4: 0 1 8 1 8 1 6 5 6 4 3 7 10 1 0  		
