

	0.0	0.0


	0.0	0.0


	0.0	0.0


	0.8670215111704636	0.7204968944099379
	0.0	0.0


	0.8108409708542963	0.6770186335403726
	0.8670215111704636	0.7204968944099379
	0.0	0.0


	0.8108409708542963	0.6770186335403726
	0.8670215111704636	0.7204968944099379
	0.0	0.0


	0.8360447807279617	0.7225806451612903
	0.8586694203109473	0.6580645161290323
	0.0	0.0


	0.8360447807279617	0.7225806451612903
	0.8586694203109473	0.6580645161290323
	0.0	0.0


	0.8705507752795537	0.7756410256410257
	0.0	0.0


	0.8705507752795537	0.7756410256410257
	0.0	0.0


	0.8705507752795537	0.7756410256410257
	0.8835523050349247	0.6481481481481481
	0.0	0.0


	0.8705507752795537	0.7756410256410257
	0.8835523050349247	0.6481481481481481
	0.0	0.0


	0.832424640391847	0.6645962732919255
	0.8705507752795537	0.7756410256410257
	0.8835523050349247	0.6481481481481481
	0.0	0.0


	0.832424640391847	0.6645962732919255
	0.8705507752795537	0.7756410256410257
	0.9053662755850671	0.7086092715231788
	0.8835523050349247	0.6481481481481481
	0.0	0.0


	0.832424640391847	0.6645962732919255
	0.8705507752795537	0.7756410256410257
	0.9053662755850671	0.7086092715231788
	0.8835523050349247	0.6481481481481481
	0.0	0.0


	0.7959022152871722	0.7218543046357616
	0.832424640391847	0.6645962732919255
	0.8705507752795537	0.7756410256410257
	0.9053662755850671	0.7086092715231788
	0.8835523050349247	0.6481481481481481
	0.0	0.0


	0.7959022152871722	0.7218543046357616
	0.832424640391847	0.6645962732919255
	0.8705507752795537	0.7756410256410257
	0.9053662755850671	0.7086092715231788
	0.8835523050349247	0.6481481481481481
	0.0	0.0


	0.7959022152871722	0.7218543046357616
	0.832424640391847	0.6645962732919255
	0.8705507752795537	0.7756410256410257
	0.9053662755850671	0.7086092715231788
	0.8835523050349247	0.6481481481481481
	0.0	0.0


	0.7959022152871722	0.7218543046357616
	0.832424640391847	0.6645962732919255
	0.8705507752795537	0.7756410256410257
	0.9053662755850671	0.7086092715231788
	0.8835523050349247	0.6481481481481481
	0.0	0.0


	0.7959022152871722	0.7218543046357616
	0.832424640391847	0.6645962732919255
	0.8705507752795537	0.7756410256410257
	0.9053662755850671	0.7086092715231788
	0.8835523050349247	0.6481481481481481
	0.0	0.0


