

	0.03032093654	0.0


	0.03032093654	0.0


	0.03032093654	0.0


	0.02818139638	0.028952000000000002
	0.03032093654	0.0


	0.02657807484	0.032570999999999996
	0.02818139638	0.028952000000000002
	0.03032093654	0.0


	0.02657807484	0.032570999999999996
	0.02818139638	0.028952000000000002
	0.03032093654	0.0


	0.02527865742	0.032570999999999996
	0.027976692299999998	0.025333
	0.03032093654	0.0


	0.02527865742	0.032570999999999996
	0.027976692299999998	0.025333
	0.03032093654	0.0


	0.024427635249999996	0.025333
	0.03032093654	0.0


	0.024427635249999996	0.025333
	0.03032093654	0.0


	0.024427635249999996	0.025333
	0.02881929161	0.018095
	0.03032093654	0.0


	0.024427635249999996	0.025333
	0.02881929161	0.018095
	0.03032093654	0.0


	0.023990157999999998	0.03619
	0.024427635249999996	0.025333
	0.02881929161	0.018095
	0.03032093654	0.0


	0.023990157999999998	0.03619
	0.024427635249999996	0.025333
	0.02849119258	0.021714
	0.02881929161	0.018095
	0.03032093654	0.0


	0.023990157999999998	0.03619
	0.024427635249999996	0.025333
	0.02849119258	0.021714
	0.02881929161	0.018095
	0.03032093654	0.0


	0.0220185021	0.047047
	0.023990157999999998	0.03619
	0.024427635249999996	0.025333
	0.02849119258	0.021714
	0.02881929161	0.018095
	0.03032093654	0.0


	0.0220185021	0.047047
	0.023990157999999998	0.03619
	0.024427635249999996	0.025333
	0.02849119258	0.021714
	0.02881929161	0.018095
	0.03032093654	0.0


	0.0220185021	0.047047
	0.023990157999999998	0.03619
	0.024427635249999996	0.025333
	0.02849119258	0.021714
	0.02881929161	0.018095
	0.03032093654	0.0


	0.0220185021	0.047047
	0.023990157999999998	0.03619
	0.024427635249999996	0.025333
	0.02849119258	0.021714
	0.02881929161	0.018095
	0.03032093654	0.0


	0.0220185021	0.047047
	0.023990157999999998	0.03619
	0.024427635249999996	0.025333
	0.02849119258	0.021714
	0.02881929161	0.018095
	0.03032093654	0.0


