

	0.029698798819999997	0.032570999999999996
	0.03032093654	0.0


	0.02920374573	0.03619
	0.029619127199999998	0.032570999999999996
	0.03032093654	0.0


	0.02920374573	0.03619
	0.029292839419999998	0.028952000000000002
	0.03032093654	0.0


	0.02812999897	0.039809
	0.02920374573	0.03619
	0.029292839419999998	0.028952000000000002
	0.03032093654	0.0


	0.02644602803	0.039809
	0.02920374573	0.03619
	0.029292839419999998	0.028952000000000002
	0.03032093654	0.0


	0.02644602803	0.039809
	0.02783230416	0.03619
	0.02808623838	0.032570999999999996
	0.029292839419999998	0.028952000000000002
	0.03032093654	0.0


	0.02580519936	0.028952000000000002
	0.03032093654	0.0


	0.02580519936	0.028952000000000002
	0.03032093654	0.0


	0.02580519936	0.028952000000000002
	0.03032093654	0.0


	0.02580519936	0.028952000000000002
	0.03032093654	0.0


	0.02580519936	0.028952000000000002
	0.029300595349999996	0.021714
	0.03032093654	0.0


	0.02580519936	0.028952000000000002
	0.029300595349999996	0.021714
	0.03032093654	0.0


	0.02580519936	0.028952000000000002
	0.029300595349999996	0.021714
	0.03032093654	0.0


	0.02580519936	0.028952000000000002
	0.029300595349999996	0.021714
	0.03032093654	0.0


	0.02580519936	0.028952000000000002
	0.029300595349999996	0.021714
	0.03032093654	0.0


	0.02580519936	0.028952000000000002
	0.029300595349999996	0.021714
	0.03032093654	0.0


	0.02580519936	0.028952000000000002
	0.029300595349999996	0.021714
	0.03032093654	0.0


	0.02580519936	0.028952000000000002
	0.02924600543	0.025333
	0.029300595349999996	0.021714
	0.03032093654	0.0


	0.02580519936	0.028952000000000002
	0.02924600543	0.025333
	0.029300595349999996	0.021714
	0.03032093654	0.0


	0.02580519936	0.028952000000000002
	0.027806867819999997	0.025333
	0.029300595349999996	0.021714
	0.03032093654	0.0


