201991	30	12	2	21	498	20	1553	143	0.35714285714285715	
201505	49	13	1	20	567	23	1643	154	0.4	
199057	23	8	1	20	578	22	1638	147	0.4	
201202	0	8	1	24	412	10	1705	153	0.3541666666666667	
201202	0	8	1	24	412	10	1705	153	0.3541666666666667	
192062	71	17	0	16	697	14	1587	147	0.46875	
190983	70	17	0	18	619	13	1614	147	0.4166666666666667	
190983	70	17	0	18	619	13	1614	147	0.4166666666666667	
179464	37	17	0	15	614	21	1559	159	0.45	
202358	14	10	0	21	594	22	1619	146	0.36904761904761907	
202358	14	10	0	21	594	22	1619	146	0.36904761904761907	
176573	32	16	3	15	556	29	1560	146	0.4166666666666667	
182176	32	16	1	17	511	34	1609	143	0.38235294117647056	
181517	32	15	1	17	514	30	1610	143	0.38235294117647056	
181517	32	15	1	17	514	30	1610	143	0.38235294117647056	
175914	32	15	3	15	559	25	1561	146	0.4166666666666667	
175914	32	15	3	15	559	25	1561	146	0.4166666666666667	
176686	207	15	2	16	786	27	1472	143	0.40625	
175263	207	15	2	16	786	25	1474	143	0.40625	
193405	249	17	1	19	844	19	1582	143	0.42105263157894735	
194860	229	17	1	20	816	17	1586	143	0.425	
194860	229	17	1	20	816	17	1586	143	0.425	
187228	221	17	1	17	814	24	1592	145	0.45588235294117646	
180604	224	17	2	16	847	29	1474	145	0.484375	
187116	230	17	2	17	845	29	1479	145	0.47058823529411764	
187116	230	17	2	17	845	29	1479	145	0.47058823529411764	
184119	230	17	2	16	831	29	1493	145	0.484375	
186453	230	17	2	17	824	28	1501	145	0.45588235294117646	
187116	230	17	2	17	845	29	1479	145	0.47058823529411764	
187116	230	17	2	17	845	29	1479	145	0.47058823529411764	
188162	194	22	1	17	818	32	1556	164	0.4117647058823529	
175783	73	19	1	13	765	34	1486	133	0.4807692307692308	
175783	73	19	1	13	765	34	1486	133	0.4807692307692308	
175783	73	19	1	13	765	34	1486	133	0.4807692307692308	
175783	73	19	1	13	765	34	1486	133	0.4807692307692308	
179411	94	19	1	14	790	34	1373	133	0.44642857142857145	
179411	94	19	1	14	790	34	1373	133	0.44642857142857145	
179411	94	19	1	14	790	34	1373	133	0.44642857142857145	
178438	160	21	0	13	749	33	1620	121	0.4423076923076923	
183695	126	21	2	17	673	27	1550	138	0.39705882352941174	
183695	126	21	2	17	673	27	1550	138	0.39705882352941174	
192056	170	23	0	15	944	29	1436	133	0.43333333333333335	
182336	146	23	1	12	915	31	1415	132	0.5208333333333334	
182336	146	23	1	12	915	31	1415	132	0.5208333333333334	
184439	137	23	1	13	917	29	1415	136	0.4807692307692308	
184439	137	23	1	13	917	29	1415	136	0.4807692307692308	
179151	54	23	1	14	758	26	1437	143	0.44642857142857145	
190135	46	23	0	17	651	29	1548	133	0.39705882352941174	
190246	82	23	0	17	720	25	1519	135	0.4117647058823529	
198459	44	23	0	18	717	25	1535	133	0.3888888888888889	
194297	38	23	2	18	621	21	1573	147	0.375	
187176	234	21	1	14	1010	37	1386	148	0.42857142857142855	
187564	192	22	1	14	876	31	1478	143	0.4107142857142857	
187564	192	22	1	14	876	31	1478	143	0.4107142857142857	
192084	123	24	1	16	843	27	1445	146	0.421875	
185622	193	24	1	15	861	30	1452	156	0.43333333333333335	
168807	179	21	0	12	822	59	1544	149	0.4375	
168807	179	21	0	12	822	59	1544	149	0.4375	
168807	179	21	0	12	822	59	1544	149	0.4375	
180969	155	21	0	15	732	49	1620	142	0.4	
180969	155	21	0	15	732	49	1620	142	0.4	
180969	155	21	0	15	732	49	1620	142	0.4	
187122	144	21	1	13	795	44	1538	138	0.4230769230769231	
178940	175	21	0	11	1058	38	1345	148	0.5	
178992	175	21	0	11	1064	38	1338	148	0.5	
171965	175	21	0	10	921	45	1468	121	0.525	
164408	185	21	4	12	782	49	1338	119	0.4166666666666667	
184786	105	24	0	14	754	50	1507	145	0.42857142857142855	
183711	139	20	0	15	983	53	1367	146	0.45	
169815	132	20	0	10	1050	51	1296	128	0.525	
175461	160	20	2	13	831	51	1508	146	0.4230769230769231	
175461	160	20	2	13	831	51	1508	146	0.4230769230769231	
182574	77	19	1	15	739	46	1496	121	0.4166666666666667	
183249	89	16	0	13	771	64	1502	142	0.4807692307692308	
183250	89	16	0	13	750	62	1525	142	0.46153846153846156	
178280	74	16	1	13	744	62	1488	133	0.46153846153846156	
180525	87	16	1	13	756	55	1450	133	0.46153846153846156	
178280	74	16	1	13	744	62	1488	133	0.46153846153846156	
178280	74	16	1	13	744	62	1488	133	0.46153846153846156	
189207	40	16	0	13	771	47	1465	140	0.4807692307692308	
179816	74	16	1	13	819	68	1387	138	0.5	
184178	40	16	1	13	721	48	1502	140	0.46153846153846156	
178732	123	18	1	14	838	58	1464	135	0.4642857142857143	
174124	27	21	0	12	739	62	1454	143	0.4375	
179516	42	20	0	13	773	58	1444	140	0.4230769230769231	
184244	128	17	0	14	896	52	1418	141	0.42857142857142855	
169639	30	21	1	12	796	41	1364	149	0.5416666666666666	
180236	94	15	0	15	816	49	1472	138	0.43333333333333335	
181600	99	15	0	15	849	45	1448	152	0.43333333333333335	
181600	99	15	0	15	849	45	1448	152	0.43333333333333335	
175132	106	15	0	14	767	49	1538	127	0.42857142857142855	
175132	106	15	0	14	767	49	1538	127	0.42857142857142855	
172686	58	19	2	14	739	58	1433	138	0.4642857142857143	
172686	58	19	2	14	739	58	1433	138	0.4642857142857143	
164445	60	19	0	10	891	39	1379	137	0.55	
172227	36	19	1	15	726	32	1447	146	0.5166666666666667	
174189	40	19	1	15	745	32	1437	146	0.5166666666666667	
171407	38	18	3	12	685	43	1462	121	0.4375	
164286	137	18	3	11	860	43	1405	141	0.5	
164286	137	18	3	11	860	43	1405	141	0.5	
167211	101	18	3	10	850	52	1364	121	0.55	
167211	101	18	3	10	850	52	1364	121	0.55	
179657	48	18	0	14	773	45	1477	133	0.4642857142857143	
179657	48	18	0	14	773	45	1477	133	0.4642857142857143	
163127	107	19	0	11	949	57	1353	141	0.5454545454545454	
169151	46	19	0	13	784	43	1460	138	0.5192307692307693	
176829	18	22	1	15	680	60	1493	129	0.43333333333333335	
167390	18	22	1	11	688	68	1481	129	0.5	
171631	62	22	3	10	796	64	1361	113	0.5	
171788	47	22	3	10	800	59	1351	144	0.5	
183187	54	22	3	13	807	56	1360	122	0.5	
168933	37	23	3	12	740	66	1401	130	0.5208333333333334	
168350	185	21	1	9	994	151	1224	161	0.6388888888888888	
153959	128	19	0	9	941	146	1353	130	0.5833333333333334	
153959	128	19	0	9	941	146	1353	130	0.5833333333333334	
153959	128	19	0	9	941	146	1353	130	0.5833333333333334	
152059	128	19	0	8	961	150	1329	130	0.625	
155062	79	19	2	8	862	172	1296	152	0.75	
164801	175	20	1	9	965	170	1224	155	0.6111111111111112	
155904	71	14	4	8	756	152	1271	135	0.625	
178811	285	21	1	12	1110	148	1309	160	0.5625	
178815	285	21	1	12	1087	143	1337	160	0.5208333333333334	
178815	285	21	1	12	1087	143	1337	160	0.5208333333333334	
164030	259	18	1	10	1043	133	1352	160	0.575	
158455	102	15	2	10	867	126	1303	150	0.625	
169137	110	17	0	13	947	116	1331	160	0.5192307692307693	
162595	107	15	1	8	908	153	1279	131	0.6875	
166849	102	15	1	9	956	155	1233	131	0.6388888888888888	
165057	65	16	5	10	808	122	1275	121	0.5	
171432	164	15	0	13	836	163	1473	155	0.4807692307692308	
159939	152	16	1	9	939	158	1346	154	0.6111111111111112	
157538	160	16	1	9	875	149	1432	154	0.6111111111111112	
157538	160	16	1	9	875	149	1432	154	0.6111111111111112	
158364	76	16	1	9	810	129	1319	139	0.5833333333333334	
163590	178	23	1	9	857	137	1461	155	0.5555555555555556	
166666	148	23	3	11	805	155	1421	154	0.4772727272727273	
163590	178	23	1	9	857	137	1461	155	0.5555555555555556	
165130	178	23	3	10	784	144	1473	150	0.475	
165561	178	23	3	10	785	149	1455	150	0.475	
165561	178	23	3	10	785	149	1455	150	0.475	
157474	140	22	2	8	858	125	1306	133	0.625	
160254	163	22	2	9	935	144	1324	155	0.6388888888888888	
163969	74	23	0	10	844	136	1374	132	0.575	
163523	74	23	0	10	846	134	1374	132	0.575	
163359	78	23	0	9	870	131	1361	140	0.6111111111111112	
163359	78	23	0	9	870	131	1361	140	0.6111111111111112	
169255	147	22	1	11	967	135	1327	160	0.5227272727272727	
156089	114	19	2	10	872	162	1286	138	0.575	
156089	114	19	2	10	872	162	1286	138	0.575	
156766	111	14	1	9	984	173	1129	151	0.5555555555555556	
157516	110	14	1	9	990	173	1115	151	0.5555555555555556	
158238	142	19	3	8	1041	153	1177	159	0.6875	
157230	95	19	1	9	1002	139	1210	143	0.6666666666666666	
158767	59	15	2	10	957	154	1154	123	0.65	
158767	59	15	2	10	957	154	1154	123	0.65	
169620	119	15	1	13	919	142	1293	158	0.4807692307692308	
169620	119	15	1	13	919	142	1293	158	0.4807692307692308	
169620	119	15	1	13	919	142	1293	158	0.4807692307692308	
167513	116	15	1	12	977	112	1227	159	0.5416666666666666	
161808	88	15	0	9	992	179	1223	156	0.5833333333333334	
180570	155	15	1	14	1015	132	1260	159	0.4642857142857143	
180570	155	15	1	14	1015	132	1260	159	0.4642857142857143	
156344	65	15	1	10	873	135	1284	132	0.6	
154419	53	15	1	9	951	155	1192	159	0.6388888888888888	
164509	61	13	1	13	892	156	1255	159	0.5	
148166	57	15	1	9	938	162	1194	163	0.6111111111111112	
148166	57	15	1	9	938	162	1194	163	0.6111111111111112	
159580	265	22	4	7	1156	127	1202	137	0.6428571428571429	
304130	233	24	11	18	1795	60	2467	167	0.5555555555555556	
321851	327	24	7	23	1852	57	2547	166	0.45652173913043476	
293619	220	24	10	16	1876	51	2411	171	0.5	
282803	380	23	10	14	1944	61	2480	172	0.5535714285714286	
282803	380	23	10	14	1944	61	2480	172	0.5535714285714286	
303178	310	26	10	18	1779	68	2503	167	0.5	
303178	310	26	10	18	1779	68	2503	167	0.5	
282900	293	27	11	13	1811	59	2542	152	0.5576923076923077	
282900	293	27	11	13	1811	59	2542	152	0.5576923076923077	
287296	445	25	9	15	2031	61	2486	178	0.5666666666666667	
287520	448	25	10	14	1972	82	2538	178	0.5892857142857143	
294314	374	26	11	18	1889	70	2383	172	0.5694444444444444	
288318	212	24	8	18	1583	54	2687	169	0.5416666666666666	
288318	212	24	8	18	1583	54	2687	169	0.5416666666666666	
304386	311	24	7	17	1823	61	2652	145	0.5882352941176471	
304386	311	24	7	17	1823	61	2652	145	0.5882352941176471	
308011	405	23	6	17	1969	50	2559	149	0.5588235294117647	
296524	451	23	7	14	1996	56	2465	167	0.5714285714285714	
301228	428	25	5	17	1973	50	2695	155	0.5441176470588235	
300342	425	27	7	17	1861	65	2744	162	0.5588235294117647	
300342	425	27	7	17	1861	65	2744	162	0.5588235294117647	
307377	422	27	6	17	1870	68	2712	159	0.5441176470588235	
305049	431	27	7	17	1812	69	2720	159	0.5294117647058824	
278577	316	24	11	15	1659	60	2649	174	0.55	
284635	403	27	12	17	1686	58	2682	172	0.5735294117647058	
280827	423	27	13	16	1726	61	2604	172	0.59375	
301123	399	24	9	18	1805	56	2636	144	0.5555555555555556	
295567	404	24	9	17	1800	67	2630	144	0.5588235294117647	
300276	434	24	9	19	1773	49	2772	168	0.5263157894736842	
294804	515	26	13	18	1756	39	2667	167	0.5	
294582	370	26	12	16	1626	36	2720	171	0.515625	
290542	439	26	11	15	1679	37	2799	171	0.55	
308787	418	26	10	20	1829	35	2596	178	0.525	
289747	321	22	12	18	1755	48	2490	165	0.5277777777777778	
306032	295	22	11	19	1744	59	2490	171	0.4868421052631579	
305459	276	22	8	19	1779	58	2595	171	0.5921052631578947	
298059	280	22	10	17	1749	63	2421	173	0.5882352941176471	
298059	280	22	10	17	1749	63	2421	173	0.5882352941176471	
289961	294	22	8	16	1817	64	2508	179	0.640625	
289005	290	22	9	20	1783	45	2593	171	0.5375	
289005	290	22	9	20	1783	45	2593	171	0.5375	
289005	290	22	9	20	1783	45	2593	171	0.5375	
298066	291	22	9	22	1804	42	2619	165	0.5340909090909091	
290710	326	22	6	18	1910	54	2526	171	0.6111111111111112	
290710	326	22	6	18	1910	54	2526	171	0.6111111111111112	
300607	311	22	7	21	1839	44	2631	171	0.5119047619047619	
297124	206	28	9	21	1626	55	2708	170	0.4642857142857143	
301941	198	28	5	21	1502	60	2855	173	0.47619047619047616	
286699	215	27	10	18	1566	52	2616	164	0.5694444444444444	
289513	192	27	9	22	1500	55	2726	164	0.45454545454545453	
280136	208	27	8	19	1638	58	2620	171	0.5263157894736842	
272554	207	27	9	18	1572	56	2630	170	0.5138888888888888	
305270	225	27	6	21	1556	59	2796	170	0.5	
279278	219	27	9	16	1711	56	2557	155	0.65625	
279278	219	27	9	16	1711	56	2557	155	0.65625	
279279	219	27	9	16	1693	56	2575	155	0.65625	
289931	244	21	6	19	1747	115	2642	148	0.5526315789473685	
289931	244	21	6	19	1747	115	2642	148	0.5526315789473685	
298195	275	22	7	21	1747	106	2483	174	0.5476190476190477	
290490	431	26	4	16	2005	111	2597	157	0.546875	
300563	421	25	9	16	2028	105	2443	157	0.59375	
292533	330	25	8	16	1865	103	2574	158	0.609375	
292533	330	25	8	16	1865	103	2574	158	0.609375	
292533	330	25	8	16	1865	103	2574	158	0.609375	
291981	311	26	5	20	1779	121	2678	174	0.55	
307264	280	22	4	18	1904	152	2479	161	0.5833333333333334	
293342	280	22	6	17	1839	149	2502	154	0.5735294117647058	
293636	283	22	6	17	1838	141	2513	154	0.5882352941176471	
298821	275	21	6	19	1833	135	2541	162	0.5657894736842105	
298821	275	21	6	19	1833	135	2541	162	0.5657894736842105	
302683	300	21	5	18	1852	150	2597	174	0.5555555555555556	
289952	248	24	4	13	1800	130	2546	172	0.6346153846153846	
289952	248	24	4	13	1800	130	2546	172	0.6346153846153846	
289952	248	24	4	13	1800	130	2546	172	0.6346153846153846	
285313	177	25	6	16	1631	120	2674	154	0.515625	
285313	177	25	6	16	1631	120	2674	154	0.515625	
281792	176	25	7	15	1632	106	2666	147	0.55	
286783	219	25	4	17	1635	139	2761	158	0.5	
285684	224	25	4	16	1698	144	2707	158	0.546875	
287289	391	26	4	15	1862	129	2719	159	0.6333333333333333	
287289	391	26	4	15	1862	129	2719	159	0.6333333333333333	
274940	516	26	7	13	1947	129	2647	168	0.5769230769230769	
274940	516	26	7	13	1947	129	2647	168	0.5769230769230769	
274940	516	26	7	13	1947	129	2647	168	0.5769230769230769	
274940	516	26	7	13	1947	129	2647	168	0.5769230769230769	
296275	448	28	4	18	1844	111	2841	186	0.5277777777777778	
297498	448	28	4	19	1844	105	2846	186	0.5131578947368421	
282653	415	24	4	13	1903	148	2676	178	0.6153846153846154	
301132	363	28	1	19	1928	127	2722	189	0.5921052631578947	
283206	422	27	4	14	1997	123	2610	173	0.5714285714285714	
286690	474	27	3	14	2156	120	2449	181	0.5714285714285714	
296534	352	23	3	17	1921	128	2635	152	0.6617647058823529	
312275	363	23	5	20	1910	135	2509	184	0.55	
312275	363	23	5	20	1910	135	2509	184	0.55	
315098	363	23	4	21	1924	136	2572	184	0.5357142857142857	
288740	331	24	7	14	1787	118	2617	161	0.625	
295434	277	28	5	18	1878	127	2469	168	0.5694444444444444	
285925	413	26	7	15	1901	118	2541	176	0.6	
295913	371	25	5	19	1917	120	2542	170	0.5526315789473685	
282783	393	25	7	15	1689	98	2714	165	0.65	
286783	377	25	5	15	1772	100	2786	170	0.65	
286783	377	25	5	15	1772	100	2786	170	0.65	
293254	465	22	6	18	1847	112	2757	177	0.6388888888888888	
295854	477	24	6	15	1946	143	2595	176	0.6	
299624	416	25	4	19	1989	80	2675	185	0.6447368421052632	
303440	332	25	3	21	1692	148	2835	165	0.5238095238095238	
290445	342	25	2	18	1684	112	2859	163	0.5972222222222222	
295697	420	23	5	17	1753	128	2699	165	0.6029411764705882	
309178	314	22	4	20	1880	125	2606	167	0.5875	
304325	287	27	6	19	1720	117	2721	164	0.5394736842105263	
304408	309	24	4	20	1784	126	2719	164	0.5875	
302601	290	24	2	20	1766	132	2716	150	0.6	
290182	472	26	4	14	2280	335	2362	190	0.625	
285442	327	23	1	11	2189	313	2371	161	0.7045454545454546	
273699	344	24	3	11	2187	371	2334	171	0.7272727272727273	
278803	406	24	5	12	2287	345	2251	171	0.6875	
284227	431	24	4	13	2409	331	2227	183	0.6730769230769231	
280514	448	24	8	12	2339	344	2162	183	0.6666666666666666	
276913	515	24	5	11	2362	342	2242	167	0.75	
271602	428	24	4	12	2224	330	2336	169	0.6875	
267251	313	24	7	10	2119	286	2278	183	0.675	
270225	360	28	6	13	2088	280	2336	160	0.6730769230769231	
277689	256	28	4	13	1976	320	2404	186	0.6730769230769231	
278184	277	28	4	13	2025	336	2376	186	0.6346153846153846	
268376	468	22	2	12	2197	321	2466	183	0.6666666666666666	
266948	451	22	2	12	2180	321	2466	183	0.6666666666666666	
266948	451	22	2	12	2180	321	2466	183	0.6666666666666666	
264865	453	22	2	12	2204	299	2459	182	0.6875	
284524	396	25	3	15	2149	325	2379	187	0.55	
283079	396	25	3	15	2141	325	2387	187	0.55	
266537	425	25	4	12	2187	342	2335	188	0.6666666666666666	
275167	405	25	4	14	2130	335	2402	176	0.5714285714285714	
276661	397	25	3	14	2182	307	2355	187	0.5892857142857143	
276661	397	25	3	14	2182	307	2355	187	0.5892857142857143	
292220	312	25	4	13	2250	277	2253	187	0.6538461538461539	
298087	293	25	6	17	2197	321	2163	191	0.6029411764705882	
285645	368	23	9	14	2045	296	2198	171	0.6607142857142857	
292527	354	23	8	16	2117	265	2074	171	0.625	
281526	644	27	7	13	2280	355	2263	161	0.7115384615384616	
288235	676	24	5	13	2487	365	2304	182	0.6346153846153846	
289805	646	24	4	14	2406	327	2356	182	0.6071428571428571	
292242	655	24	4	15	2448	334	2316	182	0.6	
294459	534	24	6	14	2337	327	2272	184	0.5892857142857143	
274725	509	24	8	10	2349	294	2146	181	0.75	
274725	509	24	8	10	2349	294	2146	181	0.75	
274725	509	24	8	10	2349	294	2146	181	0.75	
285101	602	26	5	13	2379	354	2138	182	0.6153846153846154	
273497	610	25	6	12	2212	352	2343	181	0.6875	
273497	610	25	6	12	2212	352	2343	181	0.6875	
273791	610	25	6	12	2231	346	2205	167	0.7083333333333334	
279908	629	25	5	13	2302	348	2327	176	0.6730769230769231	
279908	629	25	5	13	2302	348	2327	176	0.6730769230769231	
285386	542	27	6	12	2273	349	2233	163	0.6458333333333334	
286036	690	23	4	11	2484	402	2276	165	0.7272727272727273	
286036	690	23	4	11	2484	402	2276	165	0.7272727272727273	
290414	666	23	4	12	2416	390	2334	182	0.7083333333333334	
290414	666	23	4	12	2416	390	2334	182	0.7083333333333334	
277653	589	25	3	11	2389	380	2236	182	0.7045454545454546	
276565	614	23	7	12	2190	344	2412	181	0.7083333333333334	
279084	558	23	7	13	2139	312	2549	182	0.6346153846153846	
286753	505	26	3	14	2199	323	2457	182	0.6428571428571429	
276563	452	23	4	12	2140	368	2280	181	0.6666666666666666	
276563	452	23	4	12	2140	368	2280	181	0.6666666666666666	
281103	442	25	4	13	2202	366	2247	181	0.6346153846153846	
277506	587	30	8	13	2247	298	2219	181	0.6923076923076923	
294089	442	25	6	16	2058	312	2513	162	0.578125	
286510	562	25	2	17	2070	362	2602	182	0.5441176470588235	
286895	562	25	2	17	2070	354	2610	182	0.5441176470588235	
436069	765	23	1	23	3276	109	3894	169	0.6304347826086957	
435381	758	23	7	23	3209	96	3771	166	0.6304347826086957	
435381	758	23	7	23	3209	96	3771	166	0.6304347826086957	
439088	765	23	1	24	3266	109	3903	169	0.6145833333333334	
439088	765	23	1	24	3266	109	3903	169	0.6145833333333334	
434570	795	24	9	17	3446	114	3430	170	0.6470588235294118	
434570	795	24	9	17	3446	114	3430	170	0.6470588235294118	
434592	894	24	8	20	3594	116	3341	162	0.625	
434874	968	24	6	22	3513	93	3627	168	0.6477272727272727	
452578	779	24	4	26	3379	104	3712	177	0.5769230769230769	
439487	756	24	9	21	3233	111	3647	151	0.6428571428571429	
437724	767	24	11	24	3181	94	3551	174	0.5625	
445918	752	24	8	24	3200	94	3806	174	0.5625	
450775	876	24	7	24	3348	98	3777	168	0.5833333333333334	
443854	986	24	4	22	3581	113	3664	163	0.6136363636363636	
425456	807	24	7	18	3258	99	3831	192	0.6111111111111112	
420662	911	24	6	20	3483	92	3708	192	0.65	
443257	955	25	6	19	3549	101	3630	174	0.631578947368421	
449606	955	25	5	20	3599	102	3670	174	0.6125	
449434	1119	24	6	20	3774	88	3705	166	0.675	
452616	959	24	7	24	3516	84	3714	171	0.6041666666666666	
452616	959	24	7	24	3516	84	3714	171	0.6041666666666666	
435817	992	25	9	19	3476	114	3589	185	0.7105263157894737	
434948	894	25	9	19	3391	103	3579	153	0.6973684210526315	
444982	884	25	10	21	3363	102	3559	153	0.6309523809523809	
433045	869	25	9	20	3367	81	3596	166	0.6625	
432668	800	23	11	23	3258	84	3644	164	0.6413043478260869	
437668	822	23	10	23	3346	87	3610	174	0.6413043478260869	
437668	822	23	10	23	3346	87	3610	174	0.6413043478260869	
440059	709	23	7	25	3160	74	3696	171	0.63	
455749	721	23	6	27	3180	77	3820	174	0.5833333333333334	
429439	784	23	7	22	3212	101	3815	183	0.6818181818181818	
454732	771	28	5	27	3315	90	3776	166	0.5925925925925926	
449696	658	25	2	24	3116	92	3894	178	0.6458333333333334	
453717	697	25	4	23	3277	77	3781	187	0.6521739130434783	
462913	782	26	5	29	3143	59	3986	185	0.5517241379310345	
463837	843	26	6	29	3155	76	3972	179	0.5517241379310345	
471503	843	26	5	31	3219	75	3924	186	0.5241935483870968	
471544	850	26	5	31	3235	72	3921	186	0.532258064516129	
442307	542	25	5	24	3081	91	3777	154	0.6145833333333334	
438099	985	27	7	16	3670	103	3430	156	0.75	
455131	806	24	6	26	3234	79	3790	159	0.5769230769230769	
460170	898	24	5	26	3376	84	3704	161	0.6057692307692307	
430987	715	26	7	20	3362	98	3583	162	0.65	
434854	977	26	6	21	3688	107	3569	176	0.6904761904761905	
434854	977	26	6	21	3688	107	3569	176	0.6904761904761905	
449610	969	24	9	21	3472	89	3755	181	0.6785714285714286	
455414	600	22	4	26	3193	85	3751	175	0.5961538461538461	
436089	720	23	3	23	3182	97	3808	183	0.5760869565217391	
426556	643	23	8	18	3181	106	3562	183	0.6666666666666666	
428496	580	23	5	21	3059	93	3777	183	0.6309523809523809	
435615	580	22	3	21	2992	104	3847	179	0.6071428571428571	
433144	674	23	8	23	2904	96	3815	179	0.5760869565217391	
433144	674	23	8	23	2904	96	3815	179	0.5760869565217391	
437808	670	23	7	25	2916	101	3956	180	0.56	
449024	729	23	3	23	3074	108	3948	173	0.6086956521739131	
396508	636	30	8	17	3068	221	3563	158	0.6617647058823529	
406035	453	30	6	17	3183	199	3376	164	0.7205882352941176	
408426	498	30	6	19	3060	192	3569	151	0.5921052631578947	
413222	510	29	6	20	3043	242	3610	151	0.6625	
411811	467	29	5	21	3059	202	3551	171	0.6309523809523809	
407587	518	29	6	20	3124	201	3438	157	0.675	
401491	1000	29	12	16	3530	201	3510	177	0.765625	
415877	975	29	6	18	3665	231	3442	183	0.6666666666666666	
417032	803	29	11	17	3505	183	3254	158	0.7058823529411765	
403798	778	29	12	16	3437	182	3213	158	0.703125	
415712	798	29	7	18	3512	208	3528	169	0.7222222222222222	
421450	761	27	5	24	3358	207	3693	193	0.5833333333333334	
403384	905	27	8	16	3658	207	3460	194	0.734375	
418936	825	27	7	22	3451	244	3548	185	0.5795454545454546	
426355	863	27	3	22	3486	227	3711	194	0.625	
402369	885	27	5	18	3496	243	3654	186	0.6527777777777778	
403860	835	27	3	19	3499	261	3619	193	0.6710526315789473	
413383	833	27	4	21	3445	235	3642	193	0.6190476190476191	
404895	760	27	6	19	3464	238	3513	163	0.6973684210526315	
422226	746	27	3	22	3243	211	3778	194	0.6136363636363636	
425706	1415	21	8	21	4052	220	3467	180	0.5952380952380952	
428969	1394	21	8	21	4053	224	3422	180	0.5714285714285714	
409826	864	24	12	18	3371	165	3550	179	0.625	
414372	983	24	7	18	3622	201	3564	154	0.7222222222222222	
427991	615	24	6	21	3279	179	3529	179	0.6785714285714286	
411282	1238	22	5	17	3816	203	3732	169	0.7205882352941176	
417281	1135	22	4	17	3552	204	3796	187	0.6911764705882353	
432665	694	24	5	22	3389	180	3508	179	0.6136363636363636	
423076	790	24	6	23	3356	175	3567	171	0.5978260869565217	
426134	863	24	7	21	3336	184	3737	180	0.5833333333333334	
421305	799	24	5	20	3541	216	3486	179	0.675	
428787	694	24	7	18	3546	208	3375	171	0.75	
411613	849	24	10	17	3564	215	3440	179	0.7058823529411765	
437986	818	24	3	22	3437	230	3677	170	0.6363636363636364	
404330	683	24	5	17	3403	202	3568	173	0.7058823529411765	
394910	570	24	6	16	3424	199	3229	155	0.734375	
422357	662	24	7	21	3548	187	3284	172	0.6547619047619048	
429339	699	26	6	21	3435	183	3486	168	0.7380952380952381	
429339	699	26	6	21	3435	183	3486	168	0.7380952380952381	
421565	799	26	3	18	3511	218	3586	169	0.8055555555555556	
421893	889	26	5	19	3441	212	3626	170	0.7105263157894737	
419701	663	27	10	18	3040	214	3589	155	0.6527777777777778	
414720	907	27	9	17	3359	204	3613	174	0.6470588235294118	
415318	895	27	9	17	3349	204	3611	174	0.6470588235294118	
419874	686	24	8	20	3454	196	3362	179	0.7125	
405563	698	24	8	19	3192	190	3721	158	0.7105263157894737	
404481	680	24	5	17	3134	193	3863	166	0.7058823529411765	
421111	534	25	2	20	3127	197	3726	145	0.7375	
421197	860	25	3	22	3273	163	3931	166	0.6136363636363636	
410107	803	25	7	22	3128	159	3847	172	0.6136363636363636	
414649	845	25	8	21	3160	175	3799	173	0.6190476190476191	
414649	845	25	8	21	3160	175	3799	173	0.6190476190476191	
419946	879	25	2	23	3294	152	3935	173	0.5652173913043478	
417853	797	25	2	23	3281	183	3900	159	0.6521739130434783	
409581	706	25	5	20	3057	197	3885	159	0.675	
434522	782	26	4	21	3369	191	3722	171	0.6309523809523809	
390819	782	25	5	16	3672	467	3353	182	0.75	
392263	629	24	7	16	3747	386	2919	169	0.6875	
381760	669	24	5	14	3598	432	3208	146	0.7857142857142857	
381760	669	24	5	14	3598	432	3208	146	0.7857142857142857	
379236	632	24	7	14	3506	384	3293	168	0.7321428571428571	
382975	623	26	5	15	3620	408	3098	188	0.7833333333333333	
382975	623	26	5	15	3620	408	3098	188	0.7833333333333333	
380188	613	26	6	16	3606	401	3121	171	0.78125	
381228	613	26	6	16	3613	401	3123	171	0.78125	
382930	696	26	3	14	3677	386	3357	166	0.8214285714285714	
393033	664	26	2	17	3578	414	3448	188	0.75	
389616	660	26	2	16	3614	423	3404	166	0.796875	
382186	937	26	7	13	3872	492	3058	183	0.7884615384615384	
390024	761	23	4	13	3672	595	3249	163	0.8076923076923077	
370904	748	26	7	14	3591	494	3089	153	0.8214285714285714	
374222	770	26	4	13	3686	529	3226	157	0.7307692307692307	
383846	1299	28	3	13	4106	545	3399	190	0.8269230769230769	
378623	826	28	5	13	3703	519	3239	166	0.8269230769230769	
369607	799	26	7	12	3605	456	3333	171	0.8541666666666666	
369607	799	26	7	12	3605	456	3333	171	0.8541666666666666	
366422	979	27	5	13	3676	446	3545	151	0.7884615384615384	
379407	926	28	2	14	3598	504	3542	151	0.7321428571428571	
379407	926	28	2	14	3598	504	3542	151	0.7321428571428571	
380708	926	28	2	14	3605	525	3521	151	0.7321428571428571	
386382	948	27	2	15	3636	508	3530	167	0.7666666666666667	
370251	804	28	2	14	3525	494	3505	171	0.875	
378754	672	27	6	14	3580	508	3142	174	0.6964285714285714	
380197	672	27	6	14	3619	498	3146	166	0.7142857142857143	
365605	828	27	9	10	3704	546	2924	127	0.875	
377267	736	25	8	12	3690	575	2939	166	0.8125	
380081	925	25	6	17	3540	478	3448	171	0.7352941176470589	
380304	927	25	6	17	3560	478	3440	171	0.7352941176470589	
383605	927	25	6	17	3592	481	3410	171	0.7352941176470589	
386815	554	27	4	17	3410	500	3269	194	0.7794117647058824	
377404	699	27	6	16	3245	505	3470	196	0.6875	
374278	551	28	2	15	3271	499	3468	187	0.75	
373330	669	28	4	14	3614	518	3175	183	0.7857142857142857	
378722	589	28	5	15	3590	454	3100	177	0.8166666666666667	
370490	669	28	4	14	3623	522	3151	183	0.8035714285714286	
388632	715	28	4	15	3821	492	2933	165	0.8166666666666667	
383515	565	28	2	17	3600	494	3198	178	0.7941176470588235	
381365	565	28	2	17	3550	493	3248	178	0.7647058823529411	
378023	744	25	6	15	3653	496	3069	168	0.8	
377868	697	25	6	15	3612	501	3057	168	0.8	
388762	848	23	4	14	3573	502	3475	176	0.7678571428571429	
371849	974	22	6	12	3654	556	3309	160	0.75	
383734	909	24	6	16	3609	536	3358	175	0.65625	
373195	768	23	8	12	3724	498	3064	138	0.875	
389834	819	23	8	14	3829	436	3119	160	0.7678571428571429	
407253	759	23	7	20	3543	503	3273	178	0.675	
385170	704	23	6	12	3683	510	3111	152	0.7916666666666666	
381568	737	21	8	12	3571	495	3261	179	0.7708333333333334	
390665	708	26	4	16	3743	465	3145	171	0.703125	
387491	718	26	5	16	3792	495	3101	171	0.71875	
398638	668	26	7	17	3611	443	3178	171	0.6764705882352942	
394828	767	27	7	16	3668	431	3142	191	0.71875	
518679	815	25	5	23	4400	141	5119	170	0.7282608695652174	
531519	794	25	6	25	4295	163	5100	170	0.68	
519198	852	25	6	23	4253	156	5220	182	0.75	
526330	948	25	5	22	4454	164	5111	171	0.7727272727272727	
540307	882	26	8	24	4601	162	4810	182	0.65625	
529352	692	26	8	28	4262	126	4988	180	0.6964285714285714	
541678	736	28	7	26	4141	152	5210	186	0.6442307692307693	
541108	739	28	7	26	4155	153	5201	186	0.6442307692307693	
541108	739	28	7	26	4155	153	5201	186	0.6442307692307693	
533329	668	28	10	24	4107	135	5200	185	0.71875	
555634	967	26	9	27	4213	126	5311	196	0.5648148148148148	
522286	1189	29	15	21	4452	137	5067	177	0.7380952380952381	
543745	1114	29	9	22	4562	120	5101	162	0.7272727272727273	
536709	779	27	6	24	4158	144	5302	167	0.6458333333333334	
536709	779	27	6	24	4158	144	5302	167	0.6458333333333334	
520137	933	27	9	23	4201	143	5256	183	0.6413043478260869	
531651	962	26	9	22	4484	148	5115	174	0.7045454545454546	
537811	893	26	7	22	4398	131	5193	177	0.6931818181818182	
540123	1002	26	7	22	4775	138	4854	138	0.7272727272727273	
544787	890	26	5	26	4523	139	5089	160	0.6538461538461539	
541208	904	26	7	24	4642	144	4905	145	0.6770833333333334	
530685	828	26	13	22	4541	141	4752	170	0.7386363636363636	
522204	888	24	4	27	4396	142	5237	160	0.6203703703703703	
529616	857	24	4	23	4232	143	5301	163	0.6304347826086957	
514356	1082	24	7	21	4300	141	5362	157	0.6904761904761905	
523698	865	27	13	26	4072	129	5195	188	0.6057692307692307	
527729	864	27	8	28	4112	130	5306	188	0.5803571428571429	
546313	969	27	8	24	4613	149	4908	171	0.6875	
545771	821	27	9	29	4246	123	5136	182	0.603448275862069	
555592	683	27	7	31	4073	118	5257	171	0.5806451612903226	
554950	683	27	7	31	4069	118	5261	171	0.5806451612903226	
507041	940	26	13	22	4338	152	4803	173	0.7045454545454546	
490610	1018	26	14	18	4378	165	5037	173	0.7222222222222222	
513872	959	26	12	22	4422	139	4975	158	0.7159090909090909	
521242	1011	26	9	24	4298	146	5164	164	0.6666666666666666	
539686	1088	26	9	26	4240	167	5252	183	0.5961538461538461	
539686	1088	26	9	26	4240	167	5252	183	0.5961538461538461	
524425	1184	26	9	20	4460	170	5165	156	0.6625	
489465	1114	26	12	19	4266	156	5260	178	0.6973684210526315	
520537	930	28	8	24	4215	127	5331	170	0.6770833333333334	
524249	776	28	4	25	3958	164	5476	175	0.66	
518213	712	28	4	23	3968	167	5425	162	0.6739130434782609	
505301	674	28	4	22	3924	172	5448	161	0.7045454545454546	
516363	768	28	9	26	3924	145	5410	178	0.5865384615384616	
511873	726	28	8	24	4027	167	5242	178	0.6458333333333334	
537164	654	25	11	27	4149	138	5020	154	0.6111111111111112	
526628	733	25	10	25	4221	161	4986	161	0.62	
530156	565	25	11	23	3846	134	5237	174	0.6847826086956522	
529092	909	26	11	23	4359	143	5007	171	0.6847826086956522	
529626	955	26	11	23	4475	137	5060	154	0.6630434782608695	
523394	1187	26	8	23	4600	139	5197	167	0.6630434782608695	
527228	1059	26	9	23	4639	145	4971	158	0.7065217391304348	
534873	882	27	14	25	4097	152	5159	178	0.66	
507664	729	27	14	18	4518	166	4666	153	0.7777777777777778	
546230	988	24	6	32	4346	137	5334	178	0.578125	
546230	988	24	6	32	4346	137	5334	178	0.578125	
492499	1375	28	18	17	4626	260	4712	187	0.7647058823529411	
504464	1192	28	13	20	4502	300	4740	187	0.7375	
504646	1154	26	17	17	4765	305	4532	202	0.8088235294117647	
501977	1109	26	15	19	4376	293	4644	184	0.7631578947368421	
502976	1178	26	15	19	4373	332	4621	162	0.75	
502348	957	26	13	20	4263	329	4975	163	0.725	
506637	1127	26	19	22	4236	322	4821	178	0.6704545454545454	
496722	1252	26	15	18	4530	314	4827	180	0.7361111111111112	
505726	1170	26	14	22	4570	304	4937	158	0.6477272727272727	
492914	1110	26	14	20	4358	279	5003	180	0.775	
492914	1110	26	14	20	4358	279	5003	180	0.775	
511952	1174	26	14	24	4457	280	5078	182	0.7291666666666666	
493052	1014	28	13	19	4480	334	4923	177	0.6710526315789473	
483030	1064	28	11	18	4437	315	4983	175	0.7222222222222222	
483030	1064	28	11	18	4437	315	4983	175	0.7222222222222222	
493227	1121	28	15	19	4230	305	4956	163	0.7368421052631579	
482348	1247	28	16	18	4307	308	5028	166	0.7361111111111112	
483255	1208	28	15	19	4426	316	5124	167	0.7368421052631579	
485456	1324	26	15	19	4619	317	4852	190	0.7236842105263158	
485640	1121	26	9	18	4527	299	4899	152	0.7777777777777778	
468510	1031	26	13	20	4306	318	4902	167	0.725	
486886	868	26	11	20	4130	326	5043	166	0.7125	
494566	971	26	16	19	4284	313	4806	160	0.7763157894736842	
487094	1069	26	17	19	4325	301	4849	191	0.7763157894736842	
500295	1181	26	14	19	4747	313	4692	193	0.7368421052631579	
503173	1366	28	12	20	4482	341	5247	162	0.7	
482620	1068	28	12	20	4340	307	5088	173	0.7875	
482620	1068	28	12	20	4340	307	5088	173	0.7875	
489239	1178	28	12	21	4407	329	5142	176	0.6785714285714286	
491541	920	28	13	20	4071	284	4967	180	0.7625	
516338	820	28	13	20	4129	320	4975	166	0.7	
514979	815	28	14	22	4096	309	4846	188	0.6704545454545454	
522597	996	28	14	26	4042	303	4995	167	0.6923076923076923	
506991	1018	28	9	24	4177	331	5318	159	0.7604166666666666	
506991	1018	28	9	24	4177	331	5318	159	0.7604166666666666	
506991	1018	28	9	24	4177	331	5318	159	0.7604166666666666	
487314	1052	25	13	18	4472	282	4638	152	0.75	
494263	1026	26	10	24	4185	284	5237	178	0.6458333333333334	
483525	1021	26	12	24	4072	281	5364	180	0.6354166666666666	
505601	946	26	10	27	4060	275	5177	178	0.6296296296296297	
501111	1316	24	11	19	4971	294	4718	185	0.7105263157894737	
499530	1130	24	11	19	4739	287	4794	178	0.7236842105263158	
479039	1182	24	10	16	4834	313	4762	128	0.796875	
496929	1413	25	11	19	4666	298	4979	156	0.7236842105263158	
507797	1269	26	10	21	4782	323	5004	184	0.7261904761904762	
507797	1269	26	10	21	4782	323	5004	184	0.7261904761904762	
498384	886	26	9	21	4129	274	5349	185	0.6547619047619048	
513387	975	26	9	18	4425	323	4949	179	0.75	
497712	735	25	13	21	4445	298	4586	174	0.7261904761904762	
500005	611	25	9	25	4048	322	5005	199	0.63	
504193	1083	32	14	21	4422	291	5069	199	0.6904761904761905	
503249	1089	32	14	21	4411	297	5052	199	0.7142857142857143	
506197	1210	26	17	21	4662	276	4806	177	0.7261904761904762	
498994	1206	26	12	17	4594	282	4998	172	0.7794117647058824	
492825	1250	25	13	20	4684	287	4804	169	0.7625	
492825	1250	25	13	20	4684	287	4804	169	0.7625	
433111	941	31	7	16	4058	653	5200	165	0.71875	
440790	1001	31	4	15	4236	711	5181	145	0.7833333333333333	
440790	1001	31	4	15	4236	711	5181	145	0.7833333333333333	
441186	853	29	11	12	4064	756	4705	154	0.8958333333333334	
451834	1127	31	7	18	4221	725	5205	183	0.6666666666666666	
437527	1135	31	11	15	4286	711	5091	183	0.7833333333333333	
436104	1165	31	12	14	4170	739	5125	195	0.75	
459769	1108	31	7	17	4177	714	5211	171	0.6764705882352942	
449235	1020	31	8	16	4167	782	4788	160	0.75	
449235	1020	31	8	16	4167	782	4788	160	0.75	
434704	1058	30	11	14	4241	733	5017	157	0.8392857142857143	
440234	1011	31	7	20	4055	751	5246	160	0.6875	
434481	1249	29	9	15	4423	772	4817	149	0.7666666666666667	
441798	1204	29	12	17	4269	792	4881	144	0.7205882352941176	
441798	1204	29	12	17	4269	792	4881	144	0.7205882352941176	
435505	1206	29	14	17	4240	786	4959	140	0.6911764705882353	
432414	983	29	6	18	4119	740	5274	170	0.6944444444444444	
440666	964	29	8	15	4166	802	5055	179	0.7666666666666667	
451342	769	29	10	19	3984	702	5118	171	0.6842105263157895	
436631	818	29	10	17	4078	729	5055	179	0.7941176470588235	
432404	985	29	9	18	4215	698	5120	163	0.6805555555555556	
433436	967	29	13	16	4261	733	4679	160	0.75	
446682	899	29	5	18	4061	732	5270	154	0.7361111111111112	
449378	1145	29	5	18	4280	751	5132	170	0.7638888888888888	
446359	975	29	8	19	4326	748	4837	171	0.6578947368421053	
431599	1019	29	11	17	3936	691	5076	167	0.7647058823529411	
443138	932	29	7	17	4237	729	5094	183	0.8088235294117647	
421992	984	29	6	16	3956	758	5381	165	0.6875	
442656	758	29	10	15	4214	738	4686	148	0.7833333333333333	
442656	758	29	10	15	4214	738	4686	148	0.7833333333333333	
435671	854	29	10	18	3920	744	5146	168	0.6805555555555556	
437732	804	29	7	16	4089	772	4732	171	0.71875	
459069	1168	30	16	17	4271	729	4646	174	0.7647058823529411	
447492	956	30	14	17	4138	746	4692	174	0.7205882352941176	
427688	830	30	14	14	3939	715	4933	155	0.7857142857142857	
436564	1002	30	14	18	3952	701	4809	170	0.7361111111111112	
448695	1044	30	16	18	4261	665	4704	173	0.6805555555555556	
446336	999	29	12	16	4198	741	4705	148	0.78125	
439679	1045	29	14	15	4175	695	4736	173	0.7833333333333333	
432532	1009	29	14	18	4138	705	5029	170	0.6805555555555556	
438743	979	26	13	14	4497	695	4414	145	0.8392857142857143	
452983	957	28	7	17	4343	778	4822	163	0.8088235294117647	
444352	1011	29	8	15	4283	729	4769	176	0.7833333333333333	
437349	1100	29	9	15	4431	773	4932	176	0.8	
438440	1105	29	6	13	4532	821	4831	166	0.8653846153846154	
439416	1036	29	6	13	4349	828	4992	96	0.8461538461538461	
439416	1036	29	6	13	4349	828	4992	96	0.8461538461538461	
432371	896	27	9	16	4159	803	5035	159	0.734375	
428579	1037	27	11	14	4256	815	4854	146	0.8571428571428571	
432954	886	27	12	14	4221	797	4674	157	0.8571428571428571	
448489	877	27	6	17	4203	815	4888	159	0.75	
436259	956	27	7	17	4099	820	4913	152	0.7794117647058824	
438439	890	28	5	18	4030	819	5190	158	0.6805555555555556	
452868	823	24	14	15	4531	831	4014	144	0.9333333333333333	
447648	816	27	11	15	4446	800	4431	155	0.8833333333333333	
447648	816	27	11	15	4446	800	4431	155	0.8833333333333333	
584069	950	23	19	28	4822	167	6849	179	0.6517857142857143	
570311	1127	23	14	25	4990	199	7185	157	0.79	
580217	1355	23	14	28	5001	201	7555	166	0.7142857142857143	
580546	1363	23	13	26	5129	190	7349	165	0.7692307692307693	
574641	1343	23	17	25	5115	177	7266	164	0.77	
586839	1014	21	12	27	4967	204	7276	181	0.6944444444444444	
575905	860	21	14	24	4620	187	7361	181	0.7291666666666666	
586516	940	21	10	28	4789	193	7432	166	0.7142857142857143	
588688	1137	21	13	26	5319	185	7091	175	0.7211538461538461	
548628	929	26	14	24	4746	188	6736	171	0.7604166666666666	
571373	1153	23	11	25	5067	185	7325	172	0.73	
571373	1153	23	11	25	5067	185	7325	172	0.73	
578470	1138	23	11	25	4962	179	7391	164	0.78	
578470	1138	23	11	25	4962	179	7391	164	0.78	
568756	1052	23	21	24	4751	177	7240	165	0.75	
576182	888	24	21	23	4922	217	6468	171	0.7717391304347826	
592186	915	24	14	26	4979	220	6928	171	0.7115384615384616	
563290	1106	24	22	23	4833	226	7160	159	0.782608695652174	
565543	1207	24	11	21	5044	212	7299	171	0.7976190476190477	
565543	1207	24	11	21	5044	212	7299	171	0.7976190476190477	
571354	1375	24	16	20	5269	204	6989	156	0.7875	
572592	1150	24	16	21	5050	195	6970	165	0.8095238095238095	
572197	1241	24	19	23	5001	225	6203	180	0.782608695652174	
565924	887	20	10	24	5127	207	7005	176	0.7916666666666666	
595178	971	25	15	27	5046	213	7148	173	0.7314814814814815	
577240	990	23	13	24	4939	213	7107	165	0.8229166666666666	
593270	1042	23	16	27	4780	181	7262	166	0.7407407407407407	
576590	1057	28	24	22	5019	202	6666	172	0.8181818181818182	
577955	1191	28	25	22	5199	193	5893	158	0.8068181818181818	
586698	1064	25	10	29	5027	185	7305	178	0.7413793103448276	
594704	938	25	12	29	4946	200	7040	177	0.7413793103448276	
574989	905	25	22	24	4760	198	7025	168	0.7708333333333334	
565596	996	26	10	24	4677	207	7502	171	0.7916666666666666	
567557	880	26	12	25	4441	239	7534	168	0.79	
580809	973	26	15	26	4669	202	7412	153	0.7307692307692307	
580809	973	26	15	26	4669	202	7412	153	0.7307692307692307	
577635	979	22	15	24	4803	209	7199	175	0.7708333333333334	
577635	979	22	15	24	4803	209	7199	175	0.7708333333333334	
576360	1043	22	15	26	4694	223	7409	175	0.75	
590008	713	22	12	31	4586	212	7338	177	0.6693548387096774	
595327	1018	23	16	27	5002	212	7051	164	0.7407407407407407	
579353	873	23	14	25	4743	186	7003	175	0.83	
590465	1165	24	16	25	4685	196	7359	166	0.77	
572814	970	24	9	26	4734	185	7460	167	0.7692307692307693	
581130	966	18	19	23	4611	168	7006	173	0.8043478260869565	
562985	1013	24	16	27	4659	194	7262	182	0.7592592592592593	
581542	1028	24	17	29	4646	193	7232	182	0.6982758620689655	
590935	934	24	8	31	4578	173	7677	153	0.6935483870967742	
587821	946	24	10	29	4458	178	7650	152	0.7068965517241379	
580191	935	26	16	25	4819	189	7128	154	0.8	
589048	954	26	21	25	4884	191	6742	167	0.75	
589048	954	26	21	25	4884	191	6742	167	0.75	
573732	907	29	12	25	5091	200	6947	174	0.74	
569139	919	29	14	26	4888	175	7138	157	0.75	
556018	970	29	14	23	4848	209	7131	161	0.8152173913043478	
582180	1031	28	14	27	4894	226	7179	190	0.7592592592592593	
540304	978	26	20	22	4992	395	6623	174	0.8409090909090909	
530373	833	26	20	22	4668	368	6672	159	0.8068181818181818	
537187	1432	23	27	23	5006	340	6170	178	0.782608695652174	
532753	1288	23	22	20	4949	349	6924	178	0.8	
552983	1258	23	26	24	4937	340	6707	182	0.7916666666666666	
542297	1255	23	36	25	4651	322	6016	175	0.77	
532002	1204	23	35	22	4822	311	6000	178	0.75	
539004	872	28	27	20	4748	412	6486	158	0.7875	
551544	1167	28	21	23	4819	368	7012	165	0.717391304347826	
527523	1221	28	26	21	4910	360	6779	173	0.8095238095238095	
540415	1005	28	38	20	4554	355	6530	163	0.7375	
530455	1104	28	25	20	4834	392	6984	167	0.75	
545967	897	28	20	24	4492	375	6963	163	0.7083333333333334	
557803	1216	25	22	22	5091	374	6793	178	0.75	
534982	1134	20	32	20	4877	375	6378	181	0.7875	
526125	1114	20	31	22	4785	358	6556	181	0.7386363636363636	
509853	993	27	24	22	4736	400	6677	180	0.7613636363636364	
532704	1007	25	29	21	5061	373	6122	180	0.7023809523809523	
524388	1284	27	36	18	5005	345	6304	180	0.7361111111111112	
531286	1281	27	35	19	4964	351	6348	180	0.7105263157894737	
553525	1088	27	28	19	4959	395	6437	180	0.7236842105263158	
524652	1009	27	26	20	4743	396	6688	180	0.725	
542804	1058	25	22	25	4843	341	6887	180	0.82	
541806	1298	27	28	22	5107	356	6381	180	0.7159090909090909	
540788	1469	27	22	24	5011	365	7116	184	0.7395833333333334	
526199	1057	27	26	22	4846	372	6430	180	0.7727272727272727	
531883	1156	27	33	20	4898	376	5247	169	0.75	
541005	1138	27	30	23	4822	362	5416	179	0.6630434782608695	
525778	1339	27	38	20	4891	325	5587	172	0.7875	
525778	1339	27	38	20	4891	325	5587	172	0.7875	
514113	1327	25	42	19	5019	307	5540	175	0.9078947368421053	
518640	1327	25	41	20	5040	307	5516	175	0.8875	
538269	1332	24	21	19	5125	413	6997	184	0.8026315789473685	
560138	1141	27	12	26	4954	389	7439	172	0.7403846153846154	
536993	1252	24	33	22	5011	413	6447	175	0.7272727272727273	
529368	1174	24	37	19	4910	416	6140	166	0.7236842105263158	
523383	1259	26	37	19	4858	361	5838	166	0.8289473684210527	
532666	1418	20	32	20	4997	368	6466	182	0.7625	
532484	1066	24	40	19	4798	347	5217	181	0.8026315789473685	
538498	1221	25	35	20	5041	368	5008	150	0.8	
549429	1138	25	34	23	4984	363	5114	150	0.7608695652173914	
533444	1324	25	24	22	5075	405	6625	193	0.7159090909090909	
533444	1324	25	24	22	5075	405	6625	193	0.7159090909090909	
532198	1387	23	14	19	5340	394	6852	193	0.8026315789473685	
526815	949	26	30	23	4823	344	5798	189	0.7608695652173914	
542813	1022	26	27	22	5002	376	6295	162	0.7727272727272727	
558267	1450	26	16	22	5263	366	6936	189	0.7386363636363636	
532388	1344	24	33	21	5053	399	6225	189	0.8095238095238095	
532022	1388	24	36	20	5025	383	5978	193	0.775	
557481	1466	26	22	22	5282	448	6791	189	0.7727272727272727	
547747	1648	26	33	23	5237	403	6441	193	0.6956521739130435	
536988	1266	26	26	19	5308	421	5756	189	0.868421052631579	
533719	1022	26	15	19	5001	397	6721	182	0.8552631578947368	
532904	1137	24	16	23	4959	426	7002	189	0.7717391304347826	
533859	1117	24	21	22	4993	387	6743	193	0.7272727272727273	
533573	1057	24	16	24	4970	408	6998	179	0.78125	
499254	1248	26	22	17	5041	863	6351	179	0.8970588235294118	
494537	1206	26	18	17	5033	873	6553	179	0.8970588235294118	
497612	1225	26	17	17	5063	839	6868	182	0.8676470588235294	
498196	1221	26	17	17	5077	839	6854	182	0.8676470588235294	
487975	1228	26	20	13	4974	892	6735	161	0.9423076923076923	
487975	1228	26	20	13	4974	892	6735	161	0.9423076923076923	
487975	1228	26	20	13	4974	892	6735	161	0.9423076923076923	
490853	1180	26	23	17	4759	865	6941	181	0.8823529411764706	
487896	1097	26	21	15	5176	936	6296	179	0.9166666666666666	
505736	1106	28	24	19	4838	932	6679	172	0.8157894736842105	
479298	1123	22	26	13	5086	981	6078	172	0.9807692307692307	
493194	1289	26	20	17	4885	928	6656	170	0.8382352941176471	
512934	804	28	25	20	4836	892	6191	184	0.825	
493159	797	24	13	20	4513	1004	6963	158	0.8	
494033	867	24	15	20	4607	974	6916	150	0.775	
486369	810	24	20	16	4792	870	6538	156	0.90625	
506445	995	27	14	19	4974	870	6747	178	0.7763157894736842	
477528	981	30	29	16	4413	835	6778	186	0.875	
491001	903	30	26	17	4720	835	6652	173	0.8676470588235294	
494570	884	26	17	17	4560	835	7079	184	0.8676470588235294	
494019	942	28	30	14	4718	929	6338	167	0.9107142857142857	
494019	942	28	30	14	4718	929	6338	167	0.9107142857142857	
501189	1009	28	26	19	4826	900	5810	177	0.8552631578947368	
501502	975	28	26	17	4806	910	6229	167	0.8235294117647058	
471229	823	28	25	16	4363	954	6621	173	0.84375	
471229	823	28	25	16	4363	954	6621	173	0.84375	
485099	1074	28	19	16	4581	944	7104	173	0.875	
483288	650	28	30	16	4456	791	6233	173	0.875	
489766	827	28	15	17	4821	916	6396	168	0.8529411764705882	
492167	796	29	24	14	4990	999	5596	175	0.8928571428571429	
487004	856	29	29	15	4908	840	6322	184	0.95	
480788	793	29	26	16	4718	867	6055	147	0.875	
480788	793	29	26	16	4718	867	6055	147	0.875	
485316	791	28	21	17	4790	876	6523	165	0.8823529411764706	
485798	791	28	21	17	4781	876	6532	165	0.8823529411764706	
485798	791	28	21	17	4781	876	6532	165	0.8823529411764706	
485798	791	28	21	17	4781	876	6532	165	0.8823529411764706	
492880	935	28	30	16	4640	964	5996	173	0.875	
478405	1026	27	26	14	4805	956	6345	148	0.9285714285714286	
500469	883	28	20	17	4895	862	6752	172	0.8970588235294118	
500469	883	28	20	17	4895	862	6752	172	0.8970588235294118	
503039	1019	28	25	16	4981	847	5736	163	0.921875	
508508	945	28	20	19	4796	856	6248	181	0.8552631578947368	
503832	949	28	17	18	4953	895	6685	166	0.8611111111111112	
490436	824	29	23	14	4861	957	6458	149	0.9107142857142857	
499451	923	29	20	17	5099	881	6145	185	0.8235294117647058	
497449	938	29	22	15	5134	871	5615	185	0.9	
505146	942	29	19	18	5087	959	6255	162	0.7916666666666666	
496617	899	29	32	16	4843	892	6005	185	0.859375	
497484	962	29	28	15	4888	925	6037	185	0.9166666666666666	
501225	894	29	21	17	4998	927	6189	181	0.8970588235294118	
481382	803	29	28	17	4627	906	5835	179	0.8088235294117647	
489726	827	29	23	16	4807	945	5974	169	0.875	
476597	970	30	26	15	4678	924	6720	165	0.8166666666666667	
498690	988	26	19	19	4669	933	6256	169	0.7763157894736842	
494194	1041	24	19	16	4784	949	6258	184	0.875	
770249	337	9	3	18	1645	25	862	151	0.4166666666666667	
746290	320	9	3	17	1571	26	854	157	0.4264705882352941	
794708	381	7	3	20	1435	15	1057	157	0.3875	
778857	397	7	3	20	1452	17	1055	157	0.4	
778501	397	7	3	19	1476	18	1087	157	0.40789473684210525	
746567	398	7	3	18	1461	24	1066	157	0.4166666666666667	
778059	464	7	2	21	1607	15	1047	163	0.4166666666666667	
778059	464	7	2	21	1607	15	1047	163	0.4166666666666667	
729972	779	7	3	16	1968	20	903	179	0.453125	
735334	774	7	2	16	2115	18	855	191	0.46875	
739008	774	7	2	16	2108	15	865	191	0.46875	
710508	512	7	1	17	1912	21	825	160	0.5	
733751	767	9	1	16	2049	19	948	160	0.453125	
733751	767	9	1	16	2049	19	948	160	0.453125	
733751	767	9	1	16	2049	19	948	160	0.453125	
738175	780	9	2	16	1939	18	994	160	0.453125	
738175	780	9	2	16	1939	18	994	160	0.453125	
730357	473	10	3	18	1592	30	984	145	0.375	
735867	529	10	3	18	1699	29	937	145	0.3888888888888889	
707193	621	8	2	15	1690	35	1032	158	0.45	
709950	621	8	2	16	1690	34	1033	189	0.4375	
708127	482	7	2	19	1483	26	993	189	0.40789473684210525	
711281	354	8	4	16	1284	29	1064	189	0.40625	
708919	460	8	4	18	1569	18	952	167	0.4166666666666667	
708919	460	8	4	18	1569	18	952	167	0.4166666666666667	
708919	460	8	4	18	1569	18	952	167	0.4166666666666667	
690638	475	8	5	15	1455	16	996	137	0.4166666666666667	
762041	363	9	3	19	1458	15	1048	173	0.3815789473684211	
766602	574	8	2	18	2028	24	732	183	0.4861111111111111	
702713	726	10	3	17	1940	26	956	202	0.4411764705882353	
736934	517	9	3	18	1762	17	864	203	0.4027777777777778	
754731	509	8	3	17	1824	13	798	167	0.47058823529411764	
768942	282	4	3	16	1425	20	943	145	0.4375	
768942	282	4	3	16	1425	20	943	145	0.4375	
768942	282	4	3	16	1425	20	943	145	0.4375	
740493	362	8	3	19	1329	26	1178	189	0.3815789473684211	
769999	374	7	2	20	1397	28	1162	159	0.3875	
765274	393	9	2	16	1562	29	1017	159	0.4375	
763461	363	9	3	16	1517	29	1005	159	0.4375	
763461	363	9	3	16	1517	29	1005	159	0.4375	
763461	363	9	3	16	1517	29	1005	159	0.4375	
734333	358	9	3	16	1522	31	1004	159	0.453125	
734333	358	9	3	16	1522	31	1004	159	0.453125	
755982	349	9	4	18	1457	26	986	159	0.4027777777777778	
749716	374	7	3	17	1448	24	977	127	0.39705882352941174	
752739	394	7	3	18	1421	27	1024	159	0.4027777777777778	
705609	555	8	3	17	1569	17	1067	140	0.4264705882352941	
705609	555	8	3	17	1569	17	1067	140	0.4264705882352941	
679337	521	8	6	17	1441	18	1142	183	0.39705882352941174	
702502	469	8	5	17	1404	17	1111	150	0.38235294117647056	
704551	296	8	5	18	1402	22	937	183	0.4027777777777778	
772173	240	7	4	20	1246	21	1096	189	0.35	
730806	457	10	3	17	1552	30	1062	168	0.4411764705882353	
722987	451	10	5	16	1433	22	1112	177	0.421875	
722987	451	10	5	16	1433	22	1112	177	0.421875	
761248	539	7	2	16	1758	29	971	159	0.453125	
662741	441	8	6	15	1573	52	818	184	0.4666666666666667	
706196	707	10	5	15	1838	53	809	205	0.45	
719325	708	10	5	14	1901	59	885	184	0.5	
713277	567	11	4	15	1750	47	950	205	0.45	
728825	641	11	5	16	1847	32	921	174	0.4375	
720033	624	11	5	16	1829	32	921	174	0.4375	
720033	624	11	5	16	1829	32	921	174	0.4375	
716651	711	11	6	15	1969	39	821	190	0.4666666666666667	
699401	913	11	3	16	2132	41	934	190	0.453125	
671925	657	8	4	12	2017	57	780	169	0.5625	
693423	679	9	5	15	1913	39	775	190	0.45	
693423	679	9	5	15	1913	39	775	190	0.45	
681752	816	9	5	14	2035	44	709	191	0.48214285714285715	
697775	773	8	5	15	2064	51	693	190	0.48333333333333334	
697912	698	9	5	15	1953	39	747	202	0.4666666666666667	
681599	669	8	7	13	1900	46	792	190	0.4807692307692308	
675750	825	10	7	13	2121	45	678	190	0.5192307692307693	
675750	825	10	7	13	2121	45	678	190	0.5192307692307693	
675750	825	10	7	13	2121	45	678	190	0.5192307692307693	
674822	679	9	5	14	1888	65	791	190	0.48214285714285715	
675735	601	9	6	14	1787	52	783	169	0.44642857142857145	
694223	781	6	3	14	1905	68	778	185	0.4642857142857143	
694223	781	6	3	14	1905	68	778	185	0.4642857142857143	
685923	651	7	3	13	2056	46	680	191	0.5384615384615384	
719665	658	7	4	14	2006	59	808	185	0.5	
719665	658	7	4	14	2006	59	808	185	0.5	
719665	658	7	4	14	2006	59	808	185	0.5	
719665	658	7	4	14	2006	59	808	185	0.5	
617243	495	12	6	13	1526	51	889	191	0.46153846153846156	
669743	582	13	7	14	1881	42	663	191	0.48214285714285715	
669743	582	13	7	14	1881	42	663	191	0.48214285714285715	
632798	691	13	7	13	2158	53	499	191	0.5384615384615384	
636287	668	13	7	14	2108	50	529	191	0.5	
619262	513	13	6	13	2004	51	529	191	0.4807692307692308	
709955	425	7	4	16	1659	46	793	171	0.421875	
709955	425	7	4	16	1659	46	793	171	0.421875	
708175	625	10	6	16	1784	58	705	200	0.421875	
699718	647	10	6	16	1853	64	646	200	0.453125	
699718	647	10	6	16	1853	64	646	200	0.453125	
699718	647	10	6	16	1853	64	646	200	0.453125	
683523	252	10	4	14	1492	49	726	172	0.42857142857142855	
693105	302	10	2	13	1560	63	833	174	0.4807692307692308	
698641	339	10	4	17	1489	59	859	182	0.38235294117647056	
678379	318	10	6	15	1451	51	814	182	0.38333333333333336	
702649	355	10	5	15	1591	59	759	182	0.43333333333333335	
685699	334	10	7	14	1553	51	714	182	0.42857142857142855	
663754	531	11	3	14	1948	63	658	182	0.5	
662450	611	11	5	13	1990	59	717	182	0.4807692307692308	
701527	398	11	5	14	1566	53	829	174	0.42857142857142855	
701527	398	11	5	14	1566	53	829	174	0.42857142857142855	
692362	721	11	5	13	2058	53	715	213	0.5	
691039	704	11	5	13	2034	53	721	213	0.5	
704033	707	11	3	15	1981	55	794	135	0.48333333333333334	
689808	620	11	4	13	1910	48	702	178	0.5192307692307693	
689808	620	11	4	13	1910	48	702	178	0.5192307692307693	
697028	620	11	4	14	1829	48	783	189	0.48214285714285715	
689164	603	11	3	13	1934	142	875	184	0.5	
672003	762	11	3	14	2067	139	903	194	0.5178571428571429	
672003	762	11	3	14	2067	139	903	194	0.5178571428571429	
672003	762	11	3	14	2067	139	903	194	0.5178571428571429	
667772	742	11	3	14	2047	139	903	184	0.5178571428571429	
672003	762	11	3	14	2067	139	903	194	0.5178571428571429	
672458	859	11	3	13	2267	148	825	194	0.5769230769230769	
632292	643	11	1	14	2080	147	843	177	0.5178571428571429	
628740	643	11	1	14	2060	147	856	177	0.5178571428571429	
591564	636	11	3	14	1871	152	822	190	0.4642857142857143	
591564	636	11	3	14	1871	152	822	190	0.4642857142857143	
644889	773	11	3	11	2230	139	625	152	0.5681818181818182	
633246	811	11	4	11	2410	99	636	169	0.7045454545454546	
633246	811	11	4	11	2410	99	636	169	0.7045454545454546	
672738	806	11	3	13	2166	113	735	222	0.5192307692307693	
672738	806	11	3	13	2166	113	735	222	0.5192307692307693	
666864	794	11	3	13	2184	117	800	222	0.5192307692307693	
656754	328	9	0	17	1767	97	876	164	0.45588235294117646	
663666	459	9	0	17	1822	99	955	202	0.45588235294117646	
656700	476	10	2	12	1991	109	740	165	0.5833333333333334	
609989	472	9	1	10	2071	140	676	163	0.65	
669762	373	8	0	15	1757	125	893	196	0.43333333333333335	
690235	593	9	2	11	2233	114	627	158	0.6363636363636364	
714204	682	9	2	14	2016	117	933	178	0.48214285714285715	
678344	916	10	2	13	2304	125	773	183	0.5576923076923077	
659969	778	7	3	12	2167	121	729	166	0.6041666666666666	
667356	634	7	1	12	2001	107	907	162	0.5833333333333334	
654222	665	10	1	13	2226	126	685	179	0.6153846153846154	
654222	665	10	1	13	2226	126	685	179	0.6153846153846154	
654044	587	10	1	14	1956	102	909	198	0.5178571428571429	
654044	587	10	1	14	1956	102	909	198	0.5178571428571429	
645127	587	10	1	14	1945	102	875	198	0.5178571428571429	
644020	607	10	0	13	2006	99	918	198	0.5384615384615384	
632830	583	10	0	13	1949	100	933	198	0.5192307692307693	
638369	781	10	0	13	2293	83	853	177	0.6153846153846154	
649347	765	10	0	13	2227	110	892	177	0.5961538461538461	
620768	669	11	1	13	2095	110	875	205	0.5961538461538461	
628435	669	11	1	13	2095	119	876	186	0.5961538461538461	
628435	669	11	1	13	2095	119	876	186	0.5961538461538461	
628435	669	11	1	13	2095	119	876	186	0.5961538461538461	
630677	721	10	1	11	2215	128	806	186	0.6590909090909091	
630677	721	10	1	11	2215	128	806	186	0.6590909090909091	
651000	901	11	1	13	2405	123	818	205	0.6153846153846154	
661144	878	11	1	14	2327	116	858	205	0.5535714285714286	
661144	878	11	1	14	2327	116	858	205	0.5535714285714286	
661144	878	11	1	14	2327	116	858	205	0.5535714285714286	
637514	721	11	2	12	2242	134	726	217	0.5625	
692153	726	10	2	13	2363	101	658	199	0.5769230769230769	
699355	732	10	1	14	2259	136	741	199	0.5535714285714286	
699355	732	10	1	14	2259	136	741	199	0.5535714285714286	
699355	732	10	1	14	2259	136	741	199	0.5535714285714286	
699355	732	10	1	14	2259	136	741	199	0.5535714285714286	
693706	808	10	3	13	2225	130	755	204	0.5576923076923077	
679583	733	10	3	12	2190	135	716	204	0.6041666666666666	
640354	778	8	3	9	2334	119	695	195	0.7222222222222222	
640354	778	8	3	9	2334	119	695	195	0.7222222222222222	
1336839	1419	12	2	25	3866	39	1936	211	0.52	
1333005	1473	12	3	24	3931	43	1854	209	0.53125	
1311960	1406	12	4	22	3866	42	1735	209	0.5454545454545454	
1314613	1343	12	3	25	3646	49	1920	211	0.52	
1238164	1406	11	2	20	3774	42	2000	211	0.5875	
1245447	1204	11	3	23	3679	52	1847	211	0.5217391304347826	
1280500	1362	11	3	21	3661	55	2025	190	0.5476190476190477	
1351498	1543	9	1	27	3755	45	2192	225	0.5	
1347880	1818	12	4	23	4484	58	1561	234	0.6086956521739131	
1347880	1818	12	4	23	4484	58	1561	234	0.6086956521739131	
1353278	1873	12	4	23	4537	58	1563	234	0.6086956521739131	
1381225	1516	10	2	26	4014	60	1802	227	0.5096153846153846	
1368507	1683	13	3	23	4448	63	1563	212	0.6195652173913043	
1368565	1747	12	4	23	4539	51	1523	212	0.5978260869565217	
1350583	1619	9	3	24	4348	49	1642	212	0.5833333333333334	
1396655	1753	12	5	25	4252	45	1790	212	0.53	
1398541	1675	12	5	23	4275	41	1695	212	0.5869565217391305	
1321700	1052	11	4	25	3243	58	2138	180	0.48	
1332213	1594	11	3	27	3977	55	1856	209	0.5185185185185185	
1367937	1434	11	3	28	3776	57	2014	203	0.49107142857142855	
1367937	1434	11	3	28	3776	57	2014	203	0.49107142857142855	
1412591	1573	9	5	25	3957	40	1917	256	0.51	
1389833	1521	12	7	24	3797	48	1732	256	0.5208333333333334	
1363350	1285	10	3	25	3899	60	1705	191	0.51	
1321652	1617	12	5	23	3934	54	1912	254	0.532608695652174	
1333426	1645	12	4	21	3984	52	1981	253	0.5714285714285714	
1339661	1510	12	6	23	3874	44	1831	231	0.5434782608695652	
1355330	1510	12	4	24	3713	57	2032	239	0.5208333333333334	
1342194	1492	12	6	23	3865	49	1816	231	0.5543478260869565	
1342194	1492	12	6	23	3865	49	1816	231	0.5543478260869565	
1368294	1163	9	6	26	3478	54	1897	172	0.5096153846153846	
1354251	1455	10	5	23	3855	40	1852	211	0.5652173913043478	
1343875	1478	10	5	21	4051	49	1554	162	0.6428571428571429	
1319348	1692	12	6	22	4368	59	1606	216	0.6363636363636364	
1333224	1718	12	6	23	4414	61	1583	216	0.6304347826086957	
1361485	1435	10	5	28	3824	44	1902	220	0.5178571428571429	
1314650	1847	10	4	22	4367	68	1774	230	0.6136363636363636	
1366010	1989	10	6	24	4687	44	1503	203	0.6041666666666666	
1328788	2000	10	8	25	4426	38	1673	207	0.57	
1328788	2000	10	8	25	4426	38	1673	207	0.57	
1346284	1249	9	7	24	3701	39	1664	170	0.5416666666666666	
1330062	1197	13	8	25	3508	45	1837	200	0.49	
1348321	1042	13	4	26	3386	47	1936	200	0.5	
1347705	972	13	4	24	3471	55	1842	187	0.5208333333333334	
1353897	972	13	4	25	3463	55	1850	187	0.5	
1346563	1116	11	5	26	3610	48	1730	161	0.5288461538461539	
1346563	1116	11	5	26	3610	48	1730	161	0.5288461538461539	
1370385	1742	11	3	29	4224	51	1856	226	0.47413793103448276	
1340666	1771	13	5	25	4427	45	1591	224	0.55	
1304981	1915	11	3	22	4554	51	1701	230	0.6022727272727273	
1350720	1609	13	4	27	4369	48	1499	216	0.5648148148148148	
1350720	1609	13	4	27	4369	48	1499	216	0.5648148148148148	
1376167	1563	13	3	26	3884	48	1970	216	0.5480769230769231	
1364924	1246	13	4	24	3472	61	2082	216	0.5208333333333334	
1366874	1246	13	4	25	3472	59	2084	216	0.51	
1361519	1442	13	4	29	3702	50	2062	216	0.4827586206896552	
1202044	1392	14	0	21	4268	86	1606	233	0.6428571428571429	
1304516	1926	14	2	23	4961	138	1393	202	0.6413043478260869	
1274017	1485	14	4	23	4035	128	1561	186	0.5543478260869565	
1274017	1485	14	4	23	4035	128	1561	186	0.5543478260869565	
1291299	1620	14	2	26	4370	108	1530	223	0.5769230769230769	
1256983	1577	14	3	25	4266	108	1677	221	0.58	
1252952	1577	14	3	25	4268	108	1677	221	0.58	
1252952	1577	14	3	25	4268	108	1677	221	0.58	
1234004	1594	13	5	24	4192	108	1580	221	0.59375	
1234004	1594	13	5	24	4192	108	1580	221	0.59375	
1275353	1962	12	1	25	4641	121	1756	208	0.58	
1321495	1612	13	2	24	4370	89	1614	198	0.59375	
1306330	2003	13	3	23	4692	115	1681	187	0.6413043478260869	
1332399	1780	13	4	28	4397	103	1612	214	0.5357142857142857	
1300582	1932	13	4	26	4568	98	1640	214	0.5769230769230769	
1290139	1784	13	0	24	4436	107	1810	215	0.5729166666666666	
1319438	1606	13	5	25	3987	105	1782	202	0.52	
1295040	1495	13	4	23	3904	120	1729	195	0.5652173913043478	
1228122	1680	13	3	20	4183	128	1778	231	0.6125	
1225128	1693	13	3	20	4189	124	1789	231	0.6125	
1225128	1693	13	3	20	4189	124	1789	231	0.6125	
1212020	1693	13	3	19	4231	126	1745	231	0.6447368421052632	
1316603	1612	13	3	26	4057	103	1950	175	0.5480769230769231	
1316603	1612	13	3	26	4057	103	1950	175	0.5480769230769231	
1224229	1961	13	2	21	4575	123	1781	206	0.6190476190476191	
1296509	1797	14	1	23	4656	133	1581	179	0.6521739130434783	
1360059	1789	13	2	23	4877	134	1358	245	0.6195652173913043	
1327042	2138	13	3	21	4950	129	1457	210	0.6666666666666666	
1236311	1711	13	7	21	4525	117	1303	190	0.6428571428571429	
1292307	1470	12	4	21	4325	96	1462	187	0.6190476190476191	
1309392	1628	13	2	23	4343	115	1618	203	0.5869565217391305	
1313101	1849	12	4	23	4612	134	1629	216	0.6195652173913043	
1313101	1849	12	4	23	4612	134	1629	216	0.6195652173913043	
1313101	1849	12	4	23	4612	134	1629	216	0.6195652173913043	
1313101	1849	12	4	23	4612	134	1629	216	0.6195652173913043	
1289570	1630	13	5	25	4387	116	1580	225	0.57	
1289326	1630	13	5	24	4452	117	1514	225	0.59375	
1271298	1551	15	4	25	4445	108	1468	229	0.61	
1296505	1466	15	4	26	4317	107	1511	229	0.5673076923076923	
1281405	1572	15	4	19	4402	122	1351	190	0.7236842105263158	
1275043	1725	13	4	20	4148	127	1828	208	0.5875	
1292448	1730	13	4	22	4258	129	1738	163	0.5795454545454546	
1363573	1413	14	0	24	4205	158	1595	194	0.5520833333333334	
1315525	1636	14	6	20	4362	141	1408	175	0.6	
1272802	1247	14	4	22	3884	115	1585	188	0.5454545454545454	
1264131	1238	12	0	24	4062	128	1592	196	0.5729166666666666	
1294016	1408	12	3	23	4114	90	1680	241	0.5760869565217391	
1274340	1724	12	5	21	4406	104	1635	219	0.6309523809523809	
1283492	1558	12	3	24	4192	106	1759	194	0.6145833333333334	
1274958	1712	12	4	23	4422	123	1592	207	0.5978260869565217	
1274958	1712	12	4	23	4422	123	1592	207	0.5978260869565217	
1274958	1712	12	4	23	4422	123	1592	207	0.5978260869565217	
1310181	1583	12	2	22	4528	130	1318	164	0.6363636363636364	
1261786	1301	12	4	21	4198	124	1346	121	0.6547619047619048	
1261786	1301	12	4	21	4198	124	1346	121	0.6547619047619048	
1261786	1301	12	4	21	4198	124	1346	121	0.6547619047619048	
1180916	1905	11	7	16	4756	280	1269	170	0.75	
1177102	1909	10	6	15	4755	284	1318	170	0.8	
1189915	2007	12	7	17	4751	270	1480	216	0.75	
1248012	2413	13	8	19	5446	300	1269	180	0.7236842105263158	
1252998	2404	13	8	19	5462	280	1239	186	0.7236842105263158	
1235897	2562	11	9	15	5657	317	1185	180	0.8333333333333334	
1201838	1999	12	5	18	4952	319	1223	247	0.6944444444444444	
1179978	2254	12	6	16	5130	340	1341	247	0.765625	
1244622	2115	10	4	18	5126	300	1402	247	0.7083333333333334	
1195472	1782	10	6	17	4745	246	1462	185	0.7058823529411765	
1138398	1823	11	4	18	4891	255	1346	212	0.6944444444444444	
1174197	2135	12	7	18	5001	270	1436	158	0.6944444444444444	
1221215	1716	12	3	18	4597	291	1524	159	0.7083333333333334	
1172257	2114	10	3	17	5104	312	1498	201	0.7205882352941176	
1167941	1609	10	5	19	4310	238	1627	187	0.6578947368421053	
1276139	1949	11	2	22	4773	272	1507	236	0.6022727272727273	
1225465	2099	11	6	18	4742	241	1463	222	0.6666666666666666	
1191970	1790	9	4	17	4802	348	1148	208	0.7647058823529411	
1148309	1912	10	5	18	4682	267	1534	243	0.6944444444444444	
1275835	2469	12	4	19	5209	335	1656	219	0.6447368421052632	
1258813	1912	11	7	21	4878	254	1349	226	0.6547619047619048	
1268639	2221	11	6	19	5192	307	1254	205	0.6710526315789473	
1263088	2154	11	7	19	5082	302	1258	205	0.6578947368421053	
1253278	2686	11	7	17	5601	264	1490	203	0.7794117647058824	
1252783	2070	11	9	20	4867	267	1285	203	0.6625	
1179240	1936	12	2	17	5147	306	1296	210	0.7647058823529411	
1179240	1936	12	2	17	5147	306	1296	210	0.7647058823529411	
1203176	1915	12	2	20	5171	281	1271	212	0.6625	
1240980	1939	12	2	21	4964	336	1475	212	0.6071428571428571	
1200422	1980	8	1	17	5063	331	1463	210	0.7205882352941176	
1202192	1856	8	1	17	4965	334	1440	210	0.7205882352941176	
1207922	1851	10	1	19	4947	334	1443	210	0.6578947368421053	
1250967	2017	12	9	20	4773	294	1221	197	0.6625	
1238773	2106	12	8	19	5006	257	1265	215	0.6842105263157895	
1266959	2428	10	8	19	5379	293	1331	202	0.6447368421052632	
1266959	2428	10	8	19	5379	293	1331	202	0.6447368421052632	
1233118	1854	11	4	19	4984	210	1365	215	0.7631578947368421	
1194478	1705	10	6	16	4666	245	1274	125	0.84375	
1194478	1705	10	6	16	4666	245	1274	125	0.84375	
1198734	1467	10	3	16	4345	261	1575	191	0.71875	
1229049	1527	11	3	19	4409	240	1535	224	0.631578947368421	
1238482	1306	12	6	17	4431	236	1131	191	0.7794117647058824	
1235285	1250	11	5	18	4289	250	1181	189	0.7361111111111112	
1245129	1435	11	4	18	4444	289	1359	174	0.7916666666666666	
1245129	1435	11	4	18	4444	289	1359	174	0.7916666666666666	
1232895	1676	13	6	18	4648	257	1286	185	0.6944444444444444	
1214037	2225	13	6	17	5444	282	1065	227	0.7941176470588235	
1218309	2196	13	6	18	5378	358	1075	164	0.7361111111111112	
1254442	2544	13	8	18	5483	282	1418	241	0.6944444444444444	
1216533	2272	10	10	14	5217	311	1198	157	0.8214285714285714	
1213971	2177	11	12	16	5082	284	1221	168	0.734375	
1217269	1923	12	5	19	4862	328	1305	218	0.6710526315789473	
1215286	2255	12	4	19	5201	330	1239	218	0.6842105263157895	
1237267	1786	12	5	19	4764	322	1213	220	0.6973684210526315	
1237267	1786	12	5	19	4764	322	1213	220	0.6973684210526315	
1237267	1786	12	5	19	4764	322	1213	220	0.6973684210526315	
1968226	3308	13	8	30	7707	68	2018	194	0.6916666666666667	
2026255	3245	13	9	30	7466	67	2051	207	0.65	
2008445	3119	13	7	31	7437	81	2026	229	0.6693548387096774	
1996640	3206	13	11	30	7403	73	1760	229	0.6833333333333333	
1954451	3038	13	7	34	7452	78	1958	229	0.6397058823529411	
1995076	3274	11	9	32	7539	67	1996	229	0.6328125	
1949838	3256	11	4	32	7684	99	2009	206	0.65625	
2006523	3605	10	6	33	7977	108	1986	232	0.6212121212121212	
1952617	3372	10	6	30	7873	102	1884	208	0.65	
1955171	3629	10	7	30	8012	105	1967	232	0.6916666666666667	
1943777	3403	10	8	30	7564	112	2092	210	0.6416666666666667	
1973274	3261	10	7	32	7491	93	2168	232	0.6328125	
1949867	3261	10	7	32	7422	93	2217	232	0.625	
2012970	2688	11	5	34	7053	94	2004	198	0.6470588235294118	
1911807	2997	9	7	35	6836	93	2514	207	0.6071428571428571	
1880930	2892	8	2	32	6825	82	2601	204	0.65625	
2051754	3649	10	9	32	7853	87	1970	230	0.671875	
1957789	3359	10	9	31	7758	78	1866	230	0.6693548387096774	
2021359	3389	14	2	35	7421	90	2506	222	0.6428571428571429	
2054705	3326	14	2	37	7245	90	2544	222	0.5878378378378378	
2019829	3348	14	7	34	7341	80	2175	228	0.625	
2046233	3393	14	6	34	7537	84	2079	222	0.6470588235294118	
2045400	3517	14	5	33	7770	86	2036	199	0.6742424242424242	
1973564	3038	14	6	33	6973	102	2144	198	0.6590909090909091	
1980126	3268	14	4	30	7716	88	1936	196	0.6916666666666667	
2000687	2875	12	4	33	7141	60	2234	225	0.6742424242424242	
1968248	3017	12	6	35	7060	86	2332	226	0.6428571428571429	
2017153	3043	12	4	35	7072	73	2417	226	0.6357142857142857	
1953295	3629	12	10	28	7821	91	1967	216	0.6964285714285714	
2014923	4046	11	7	32	8201	88	2082	210	0.65625	
1945123	3691	11	9	29	7927	84	1868	210	0.6896551724137931	
2031809	3825	12	10	30	7981	88	1817	213	0.6833333333333333	
2026435	3976	12	10	28	8127	88	1749	193	0.7232142857142857	
2002566	3762	12	5	31	8164	88	2068	210	0.6774193548387096	
2002566	3762	12	5	31	8164	88	2068	210	0.6774193548387096	
2002566	3762	12	5	31	8164	88	2068	210	0.6774193548387096	
1942314	2993	9	5	30	7389	72	2116	199	0.7416666666666667	
1956611	2838	9	4	32	7149	80	2138	212	0.6953125	
1990238	2861	9	4	32	7053	83	2238	212	0.6875	
1957212	3103	9	4	33	7215	84	2241	226	0.6666666666666666	
1975899	3091	9	4	34	7255	84	2195	226	0.6544117647058824	
1933943	2906	13	5	34	7057	86	2257	212	0.6544117647058824	
1930112	3109	12	6	28	7358	119	1964	204	0.7410714285714286	
2025435	3364	12	5	34	7348	91	2421	218	0.6470588235294118	
2025435	3364	12	5	34	7348	91	2421	218	0.6470588235294118	
1930112	3109	12	6	28	7358	119	1964	204	0.7410714285714286	
1930556	2939	12	4	31	7071	96	2212	182	0.6693548387096774	
1930172	3314	12	5	33	7018	110	2600	215	0.6212121212121212	
1966747	3436	12	3	34	7420	117	2461	199	0.6397058823529411	
2014423	3456	13	7	32	7567	80	2224	222	0.7109375	
2031957	3339	11	4	34	7436	91	2347	233	0.6470588235294118	
1989182	2905	12	2	35	7152	104	2182	222	0.6428571428571429	
1993512	3027	9	2	33	7042	90	2457	226	0.6363636363636364	
2068666	2962	13	3	35	7200	72	2268	223	0.6357142857142857	
2064359	2959	13	3	35	7188	72	2274	223	0.6357142857142857	
1929939	3194	11	5	32	7326	94	2198	231	0.6953125	
1905982	2992	12	10	28	7010	188	2128	186	0.6607142857142857	
1783988	3302	11	7	27	7637	171	2146	216	0.7314814814814815	
1834804	2822	12	8	27	7350	209	1840	206	0.6851851851851852	
1882563	3755	12	6	27	8295	164	1950	191	0.75	
1870744	3710	12	8	28	8118	181	1965	214	0.7053571428571429	
1894067	3137	11	7	31	7574	179	1839	237	0.6612903225806451	
1966247	3570	12	7	30	7809	184	2064	230	0.6916666666666667	
1959927	3507	12	7	30	7741	184	2064	229	0.6916666666666667	
1961834	3520	12	7	30	7777	185	2045	229	0.6916666666666667	
1928702	3548	12	11	28	7778	190	1844	229	0.7142857142857143	
1928702	3548	12	11	28	7778	190	1844	229	0.7142857142857143	
1939903	3765	12	6	28	8414	201	1769	236	0.7678571428571429	
1947113	3926	12	6	28	8497	195	1872	190	0.7767857142857143	
1962806	3878	12	9	28	8297	195	1849	204	0.7410714285714286	
1912941	3462	12	10	26	7953	209	1694	217	0.75	
1929675	3827	11	10	30	8217	155	1815	222	0.6916666666666667	
1830150	3259	12	12	29	7608	194	1794	219	0.7068965517241379	
1830150	3259	12	12	29	7608	194	1794	219	0.7068965517241379	
1833507	3259	12	12	30	7608	194	1794	219	0.6916666666666667	
1833507	3259	12	12	30	7608	194	1794	219	0.6916666666666667	
1908641	3911	12	6	31	8215	170	2078	222	0.7016129032258065	
1852936	4105	10	10	28	8145	172	2309	219	0.7410714285714286	
1925591	3834	12	8	26	8286	185	1845	168	0.7692307692307693	
1945808	3638	12	8	29	8167	201	1831	239	0.7068965517241379	
1876970	3822	11	8	27	8260	168	1949	212	0.7314814814814815	
1988448	4044	11	12	26	8478	158	1697	186	0.7788461538461539	
1988448	4044	11	12	26	8478	158	1697	186	0.7788461538461539	
1920206	3942	11	11	26	8277	136	1974	201	0.7403846153846154	
1885041	3745	11	10	26	8221	141	1583	202	0.7788461538461539	
1874652	3457	10	5	28	8036	190	1793	233	0.7232142857142857	
1874652	3457	10	5	28	8036	190	1793	233	0.7232142857142857	
1898507	3375	11	12	30	7407	162	2177	233	0.6916666666666667	
1912405	3313	11	10	30	7526	126	1964	215	0.7083333333333334	
1898862	2983	11	11	31	7116	142	2125	233	0.6935483870967742	
1911822	3318	11	5	29	7604	141	2201	233	0.7068965517241379	
1911822	3318	11	5	29	7604	141	2201	233	0.7068965517241379	
1908652	3545	13	10	27	7850	161	1899	168	0.7129629629629629	
1854912	3437	12	8	27	7655	176	1957	182	0.7407407407407407	
1877019	3613	11	7	28	7845	138	2199	213	0.7053571428571429	
1887955	3772	12	7	25	8277	167	1954	188	0.76	
1824502	3473	10	11	27	7360	194	2317	268	0.7129629629629629	
1912785	3325	12	9	30	7630	173	1945	250	0.6833333333333333	
1913892	3581	11	10	25	8045	159	1726	203	0.83	
1887813	3613	11	11	25	8010	172	1637	162	0.78	
1889861	3561	11	12	24	8035	166	1509	195	0.8020833333333334	
1891598	3568	10	9	28	8221	149	1606	236	0.7321428571428571	
1891598	3568	10	9	28	8221	149	1606	236	0.7321428571428571	
1931610	3438	10	9	29	7951	174	1781	250	0.6982758620689655	
1865355	3930	10	13	27	8264	133	1697	241	0.7777777777777778	
1932016	3796	11	7	30	8612	150	1572	235	0.6833333333333333	
1887501	3314	11	6	30	8082	153	1686	237	0.7083333333333334	
1912318	3389	9	8	28	8155	153	1670	216	0.7410714285714286	
1949638	3391	9	6	28	8148	170	1706	216	0.7321428571428571	
1909784	2998	11	9	29	7497	206	1815	235	0.6982758620689655	
1930209	3527	9	10	28	8134	159	1755	230	0.7142857142857143	
2007372	3675	11	11	32	7961	156	2019	220	0.6640625	
1684060	3671	12	17	22	8534	418	1341	197	0.8068181818181818	
1731965	3659	12	17	22	8361	465	1379	170	0.7840909090909091	
1719610	3449	12	15	25	8248	399	1449	214	0.76	
1741792	3188	12	13	24	7848	462	1552	205	0.7604166666666666	
1686937	3731	12	15	23	8188	456	1625	205	0.782608695652174	
1646739	3103	12	12	24	7447	397	1758	223	0.7604166666666666	
1639157	3254	12	9	20	7788	415	1957	174	0.8375	
1688595	3571	17	13	23	7926	476	1621	209	0.7608695652173914	
1690612	3296	17	12	25	7492	483	1871	201	0.71	
1705929	3177	17	14	23	7401	505	1693	193	0.7282608695652174	
1672277	3624	17	14	22	7830	458	1926	192	0.7954545454545454	
1645538	3171	15	12	22	7590	505	1865	219	0.7272727272727273	
1660097	3224	15	11	19	7748	517	1786	197	0.868421052631579	
1684442	3203	15	14	23	7954	501	1608	236	0.7391304347826086	
1698661	3039	15	14	22	7582	524	1528	236	0.7613636363636364	
1676883	3200	15	16	21	7798	484	1514	236	0.7857142857142857	
1673942	3195	15	16	22	7816	440	1482	236	0.7840909090909091	
1732975	3412	15	13	24	7800	446	1729	242	0.7708333333333334	
1667774	3407	15	11	22	8173	485	1463	166	0.7613636363636364	
1615104	3404	15	12	21	8056	468	1553	179	0.8690476190476191	
1685192	3380	13	14	22	8178	433	1395	214	0.7954545454545454	
1709801	2911	13	16	23	7544	432	1525	217	0.7065217391304348	
1643022	3095	13	15	22	7616	365	1651	181	0.8068181818181818	
1673256	3089	13	14	23	7624	366	1725	181	0.782608695652174	
1664199	3060	14	11	21	7211	469	2118	211	0.7976190476190477	
1716338	3369	12	15	24	8087	409	1576	204	0.75	
1716338	3369	12	15	24	8087	409	1576	204	0.75	
1652395	3141	13	14	21	7422	475	1655	212	0.75	
1689995	3402	13	14	23	7831	493	1732	200	0.75	
1614644	2873	13	15	20	7446	458	1609	220	0.8125	
1669410	2757	14	9	23	7319	477	1876	220	0.75	
1669410	2757	14	9	23	7319	477	1876	220	0.75	
1719323	3529	12	11	24	8234	504	1368	217	0.78125	
1714858	3318	12	12	26	7886	448	1757	212	0.7115384615384616	
1714858	3318	12	12	26	7886	448	1757	212	0.7115384615384616	
1735642	3431	15	15	25	7844	392	1747	232	0.75	
1720156	3352	15	16	21	7638	455	1656	229	0.8333333333333334	
1699812	3493	13	11	23	8132	375	1807	216	0.8260869565217391	
1712379	3623	11	13	21	8448	388	1594	172	0.9047619047619048	
1715297	3612	12	15	21	7590	475	2182	225	0.8214285714285714	
1773145	3318	12	15	26	7210	444	2155	225	0.6730769230769231	
1676722	3717	12	14	21	7981	462	2102	185	0.8333333333333334	
1706743	3427	12	10	24	7568	480	2128	197	0.75	
1726627	3629	12	11	23	8145	437	1767	231	0.782608695652174	
1708956	3486	12	11	23	7873	450	1920	232	0.782608695652174	
1687841	3682	12	10	21	8323	468	1628	236	0.7976190476190477	
1687841	3682	12	10	21	8323	468	1628	236	0.7976190476190477	
1687841	3682	12	10	21	8323	468	1628	236	0.7976190476190477	
