0.9793767444099943
0.9792887005328451
0.9809061077444025
0.9810751385657144
0.9805992385085713
0.9811845502257142
0.979906054241229
0.9817548422857143
0.9817554583828572
0.9817558092028571
0.9824989847542858
0.9819149927493314
0.9825012850000001
0.9825070116877599
0.9825164205478685
0.9825058503739856
0.9826586014661544
0.9829873904288343
0.9829897463939772
0.98298623998148
0.98298506679176
0.9836554843737085
0.9836622466347342
0.9836622516339543
0.9841909079799857
0.984191241388637
0.9841744761342858
0.9841746889885714
0.9841747572685714
0.9841747793485714
0.9844492823285713
0.9844492922885713
0.9844492922885713
0.9844492922885713
0.9844493504885713
0.9844493504885713
0.9844493980685712
0.9844493980685712
0.9844493980685712
0.9844494817085713
0.9844494817085713
0.9844494817085713
0.9844494817085713
0.9844494817085713
0.9844494817085713
0.9844495304285713
0.9844497470285712
0.9844497470285712
0.9844497470285712
0.9844497470285712
0.9844497470285712
0.9844497470285712
0.9844497470285712
0.9844497470285712
0.9844497470285712
0.9844497470285712
0.9844497470285712
0.9844497470285712
0.9844501423642855
0.9846751742920571
0.9846516655495142
0.9846681229842857
0.9846751742920571
0.9846753101714857
0.9846420070903
0.9846682500042857
0.9846682500042857
0.9846753009301571
0.9846753123110857
0.9851167535045928
0.9851410695242857
0.9851481055118572
0.9851432203955857
0.9850972024184143
0.9851410911842857
0.9851410911842857
0.9851481055274571
0.9850482517521857
0.9851410911842857
0.9851410911842857
0.9851483190028499
0.9850905786101143
0.98514130643
0.98514130643
0.9851483190028499
0.9850572966502
0.98514130643
0.98514130643
0.9851483190028499
0.9851444046983714
0.9850945064898571
0.98514130643
0.98514831741605
0.9851483249473714
0.98514130643
0.98514831741605
0.9851483258275714
0.9851483269663714
0.98514130643
0.98514831741605
