

	24620.4	71648.0
	26293.14285714286	56282.0
	26602.557142857142	64790.0
	26628.300000000003	90856.0
	27764.0	57392.0
	27892.36666666667	56042.0
	30121.0	51828.0


	21921.9	79870.0
	23159.0	75324.0
	23893.45714285714	67742.0
	24331.242857142857	72612.0
	24389.285714285714	69240.0
	24765.14285714286	57810.0
	25055.6	68506.0
	25506.5	64012.0
	25973.5	62706.0
	26547.0	48914.0


	65791.9	36000.0
	66601.7	36000.0
	68323.1	12000.0
	68391.8	60000.0
	68907.7	24000.0
	70253.9	24000.0
	75461.0	0.0
	76798.0	36000.0
	80539.9	6000.0


	64391.1	42000.0
	65791.9	36000.0
	66743.3	24000.0
	68323.1	12000.0
	71766.1	42000.0
	72463.7	24000.0
	73275.3	6000.0
	73635.45714285715	18000.0
	75461.0	0.0
	75514.0	24000.0
	75830.38571428572	12000.0
	75949.0	6000.0
	78268.4	18000.0
	82575.14285714286	0.0


	61541.3	44040.0
	63348.2	37896.0
	64545.12857142857	25908.0
	64743.62857142857	32028.0
	65279.4	19716.0
	66787.1	13536.0
	67990.6	19584.0
	68330.8	49476.0
	69038.7	19680.0
	69460.32857142856	7536.0
	70614.36666666667	13320.0
	70614.36666666667	13320.0
	70631.53333333333	13776.0
	71682.7	13644.0
	72259.6	13368.0
	72343.15714285715	19668.0
	72871.1	31752.0
	73997.0	1464.0
	77298.12857142856	19836.0
	78118.8	7404.0
	78959.0	19524.0


	57129.1	49536.0
	59850.4	49860.0
	61541.3	44040.0
	62266.614285714284	37908.0
	63063.31428571428	37752.0
	63294.9	31836.0
	63653.21428571428	31632.0
	64545.12857142857	25908.0
	65279.4	19716.0
	65823.8	19680.0
	66787.1	13536.0
	67655.91428571429	49464.0
	69023.5	19656.0
	69398.2	19644.0
	69460.32857142856	7536.0
	70946.62857142856	7452.0
	71836.0	13320.0
	71880.5	7332.0
	72879.39090909091	13212.0
	73997.0	1464.0
	75654.9	25416.0
	76433.7	19824.0
	79605.6	13956.0
	80189.28571428571	13440.0
	80715.14285714286	1860.0
	81203.0	7716.0
	86083.44285714286	2016.0
	87429.9	2016.0
	87586.5	1932.0


	58665.1	48000.0
	62477.1	30000.0
	64115.3	18000.0
	66312.4	36000.0
	66995.40000000001	18000.0
	67503.8	18000.0
	68323.1	12000.0
	70996.32857142856	6000.0
	71994.0	18000.0
	72398.62857142856	6000.0
	73212.5	6000.0
	73275.3	6000.0
	73319.8	18000.0
	75461.0	0.0
	76175.29090909091	12000.0
	76367.8	18000.0
	76724.8	12000.0
	77581.4	30000.0
	77589.8	12000.0
	77665.8	12000.0
	78979.8	30000.0
	79351.9	18000.0
	81735.2	6000.0
	82772.86363636363	6000.0
	84943.24285714286	12000.0
	85777.3	24000.0
	90258.25714285714	0.0


	58665.1	48000.0
	58872.4	54000.0
	62477.1	30000.0
	63581.3	42000.0
	64115.3	18000.0
	64174.614285714284	36000.0
	68323.1	12000.0
	70614.72857142857	48000.0
	70996.32857142856	6000.0
	71101.5	18000.0
	71676.56666666667	18000.0
	72225.3	18000.0
	73205.04285714285	66000.0
	75461.0	0.0
	76093.7	36000.0
	76472.82857142856	18000.0
	78340.6	12000.0
	79471.12857142856	18000.0
	80513.7	12000.0
	83277.32857142856	24000.0
	83685.13333333333	6000.0
	84238.93333333333	6000.0
	85898.9	12000.0
	87189.9	6000.0
	87950.61428571428	24000.0


	58665.1	48000.0
	62477.1	30000.0
	64090.3	42000.0
	64115.3	18000.0
	68323.1	12000.0
	70996.32857142856	6000.0
	72925.3	18000.0
	73389.3	18000.0
	74671.22857142857	24000.0
	74993.7	18000.0
	75461.0	0.0
	77146.0	18000.0
	77400.02857142857	18000.0
	77746.0	36000.0
	80196.07142857143	18000.0
	82124.77142857143	18000.0
	82651.25714285714	24000.0
	82668.25714285714	24000.0
	84536.7	6000.0
	86322.0	6000.0
	90006.3	0.0


	58665.1	48000.0
	62477.1	30000.0
	64115.3	18000.0
	68323.1	12000.0
	70996.32857142856	6000.0
	75461.0	0.0


	44757.3	75575.71428571429
	45497.7	70577.5
	47980.5	47020.666666666664
	48241.7	64346.0
	49169.1	57496.0
	50648.5	40711.333333333336
	52935.3	32719.14285714286
	53785.7	27935.333333333332
	59390.4	11894.363636363636
	61211.1	19112.0
	62074.9	14921.428571428572


	47800.2	62564.0
	52034.02857142857	56650.0
	54054.3	37702.0
	55126.4	38650.0
	55508.985714285714	38650.0
	55723.2	38650.0
	58881.833333333336	32478.0
	61044.63333333334	19666.0
	61508.9	20162.0
	62079.2	14376.0
	64620.0	1666.0
	70220.7	8160.0
	73019.0	2442.0


	53183.014285714286	67150.0
	54719.6	61150.0
	55946.4	42990.0
	58011.166666666664	36990.0
	58852.8	36990.0
	60434.55714285714	25290.0
	60944.44285714286	24710.0
	61487.1	30990.0
	63111.03333333333	18610.0
	63405.3	18710.0
	64658.8	18730.0
	65676.0	610.0
	70554.76363636363	730.0
	74895.0	210.0
	82905.73636363637	1320.0


	54925.2	61150.0
	55146.3	36610.0
	55324.94285714286	48990.0
	57286.3	55570.0
	60432.357142857145	18610.0
	60616.1	36990.0
	61019.671428571426	30610.0
	62780.54285714286	12750.0
	63555.2	12900.0
	63857.4	12610.0
	65476.433333333334	19230.0
	65676.0	610.0
	66406.6	6900.0
	68033.1	12290.0
	70030.4	12730.0
	70706.32857142856	6290.0
	74895.0	210.0
	88106.3	1900.0


	50364.2	60000.0
	55756.3	36000.0
	56915.0	42000.0
	57030.9	36000.0
	57776.4	36000.0
	58665.1	48000.0
	58958.2	30000.0
	59144.74285714285	30000.0
	59242.6	30000.0
	60768.44285714286	24000.0
	61042.357142857145	18000.0
	61503.7	12000.0
	63909.6	36000.0
	64645.828571428574	24000.0
	66286.0	0.0
	75105.0	0.0
	90258.25714285714	0.0


	50364.2	60000.0
	53115.1	54000.0
	54785.066666666666	48000.0
	54815.014285714286	48000.0
	55756.3	36000.0
	56902.6	30000.0
	58015.46666666667	36000.0
	58587.7	54000.0
	59515.1	24000.0
	61042.357142857145	18000.0
	61503.7	12000.0
	62753.5	6000.0
	64412.3	36000.0
	65984.0	24000.0
	66286.0	0.0
	67679.15454545454	30000.0


	42700.2	67664.0
	43532.4	59252.666666666664
	43778.3	62808.0
	45262.6	63421.42857142857
	45586.9	53043.5
	47632.9	51032.0
	48094.7	46064.28571428572
	48454.3	43302.0
	48889.9	64498.0
	50042.6	36860.0
	51235.8	31852.85714285714
	53285.5	25756.85714285714
	54739.7	18764.0
	55989.5	12764.0
	57382.5	8903.5


	42525.1	60286.0
	43532.4	59252.666666666664
	45586.9	53043.5
	47632.9	51032.0
	48094.7	46064.28571428572
	48454.3	43302.0
	50042.6	36860.0
	51235.8	31852.85714285714
	52811.3	27899.333333333332
	53285.5	25756.85714285714
	54739.7	18764.0
	55989.5	12764.0
	57382.5	8903.5
	57612.3	13638.571428571428
	59390.4	11894.363636363636
	63885.0	11220.0


	22886.557142857142	42974.0
	24249.9	41888.0
	26864.5	41889.0
	27852.3	45071.0
	28135.257142857143	62123.0
	29730.600000000002	44200.0
	30717.328571428574	46279.0
	30998.9	41271.0
	31436.666666666668	41059.0
	32827.4	42569.0
	40304.357142857145	38738.0
	42091.42857142857	37900.0
	44422.5	38034.0
	45817.65714285715	37271.0
	50088.6	36814.0
	51849.34285714285	36285.0
	56393.333333333336	31934.0
	66932.4	31698.0
	73149.06666666667	29636.0
	73533.9	28245.0


	56292.6	30610.0
	57524.34285714285	30610.0
	58478.65714285715	24610.0
	59659.9	12610.0
	60432.357142857145	18610.0
	60701.42857142857	19290.0
	60893.7	12610.0
	61784.857142857145	18610.0
	62100.63333333334	18610.0
	62587.5	18610.0
	63555.2	12900.0
	65250.55714285714	610.0
	65527.9	610.0
	65676.0	610.0
	65745.66666666667	6750.0
	66006.8	13020.0
	66406.6	6900.0
	67933.0	6760.0
	70217.4	6730.0
	71648.62857142856	6750.0
	74711.0	750.0
	81275.14285714286	1300.0
	82905.73636363637	1320.0


	55172.5	27284.0
	56973.8	33160.0
	59214.5	9539.0
	60471.1	15564.0
	60583.55714285714	9506.0
	61279.05714285714	3621.0
	61809.87142857143	9441.0
	67823.76363636364	3461.0


	57847.6	36000.0
	58456.5	24000.0
	60269.9	12000.0
	61503.7	12000.0
	62603.2	30000.0
	62753.5	6000.0
	63388.7	24000.0
	63898.5	6000.0
	64089.55714285714	6000.0
	64191.142857142855	30000.0
	64900.05714285714	0.0
	64995.6	12000.0
	65058.07142857143	0.0
	65860.55714285714	0.0
	66978.0	6000.0
	67068.9	0.0
	68288.16363636364	18000.0
	69396.4	6000.0
	72923.3	0.0
	73930.6	0.0
	74089.8	0.0
	74671.7	0.0


	57028.2	37150.0
	58064.0	18900.0
	58871.5	24730.0
	59060.3	18610.0
	59096.3	18610.0
	59096.3	18610.0
	59659.9	12610.0
	62639.8	32180.0
	62778.3	24730.0
	63081.8	30630.0
	64005.566666666666	30630.0
	64290.05714285714	610.0
	64294.771428571425	25080.0
	64640.87142857143	6610.0
	65646.96666666667	18760.0
	65676.0	610.0
	66075.5	18760.0
	68192.03333333333	13090.0
	68914.8	6860.0
	70706.32857142856	6290.0
	71887.05714285714	6780.0
	86888.25714285714	3370.0


	56902.6	30000.0
	57147.1	24000.0
	58964.0	18000.0
	59670.3	18000.0
	60269.9	12000.0
	61503.7	12000.0
	62438.4	24000.0
	62753.5	6000.0
	64900.05714285714	0.0
	65058.07142857143	0.0
	66572.7	30000.0
	67115.5	24000.0
	69073.82857142856	18000.0
	69823.72857142857	12000.0
	71804.03333333333	12000.0
	73899.0	12000.0
	80080.3	6000.0


	61279.05714285714	3621.0
	65214.5	3539.0
	68748.9	3521.0
	73443.0	3521.0
	76794.7	3487.0
	77676.1	3471.0
	80646.1	3382.0
	84688.52857142857	3060.0
	85393.33333333333	2934.0
	88287.3	3469.0
	88626.26666666668	3124.0
	88697.42857142857	3201.0
	91296.9857142857	2862.0
	91756.2	2617.0
	91881.12857142856	2461.0


	61279.05714285714	3621.0
	61432.07142857143	3626.0
	71141.6	3073.0
	72425.8	3554.0
	72579.53333333333	3348.0
	72903.8	2860.0
	74385.3	3321.0
	74425.3	3245.0
	79172.5	3284.0
	83351.26666666668	3104.0
	83688.6	3214.0
	85520.9	3174.0
	92126.0	2844.0


	61279.05714285714	3621.0
	62148.271428571425	3540.0
	62336.55714285714	3524.0
	62504.6	3578.0
	72471.1	3564.0
	75754.35714285714	3288.0
	79671.6	3197.0
	79867.65714285715	3221.0
	84342.1	3221.0
	84999.34285714285	3135.0
	91213.2	2965.0


	49216.5	58203.71428571428
	50795.6	43052.0
	50883.0	37388.0
	50963.1	32067.14285714286
	52118.0	27873.428571428572
	52301.5	33552.5
	52717.5	30884.0
	52981.3	14903.5
	53291.2	25522.0
	55559.0	26272.85714285714
	56891.2	8008.857142857143
	57234.4	8903.5
	57851.7	8008.857142857143
	58049.7	7638.571428571428
	58148.9	8920.0


	55625.1	25522.0
	55711.514285714286	44758.0
	55808.7	25414.0
	56404.0	31930.0
	56468.34285714285	31666.0
	58306.95714285714	19546.0
	60218.8	7666.0
	61339.5	7414.0
	62591.25714285715	1594.0
	63392.07142857143	1666.0
	64178.271428571425	1510.0
	64352.57142857143	1666.0
	64620.0	1666.0
	67567.16363636364	2158.0


	56612.7	24610.0
	57661.0	30610.0
	57737.24285714285	30630.0
	57810.21428571428	49610.0
	58420.24285714285	24610.0
	59913.2	18900.0
	60232.97142857143	18610.0
	60701.42857142857	19290.0
	61274.8	6610.0
	61658.9	6610.0
	63344.65714285715	6610.0
	63575.25714285715	610.0
	63680.37142857143	6610.0
	64290.05714285714	610.0
	65078.271428571425	610.0
	65472.6	610.0
	70925.93636363637	610.0


	55569.8	25534.0
	55625.1	25522.0
	56145.6	37702.0
	56186.9	38090.0
	57007.142857142855	38162.0
	57309.65714285715	32038.0
	57758.9	38158.0
	58067.5	25534.0
	59914.0	25940.0
	60218.8	7666.0
	60914.171428571426	7510.0
	61385.0	20058.0
	61901.857142857145	19930.0
	62423.4	19862.0
	62591.25714285715	1594.0
	62666.95714285714	7666.0
	63360.8	7822.0
	63392.07142857143	1666.0
	63465.4	8146.0
	64194.55714285714	1666.0
	64471.9	1666.0
	70335.3	2588.0


	55015.4	36000.0
	56088.0	36000.0
	57044.9	24000.0
	57147.1	24000.0
	59309.74285714285	36000.0
	59922.9	36000.0
	61292.9	42000.0
	61884.8	6000.0
	62357.671428571426	0.0
	64185.25714285715	0.0
	64462.15714285715	6000.0
	64741.166666666664	18000.0
	64900.05714285714	0.0
	67068.9	0.0


	57103.8	24000.0
	57182.65714285715	24000.0
	58396.9	18000.0
	58422.2	54000.0
	58854.65714285715	18000.0
	59295.3	18000.0
	60269.9	12000.0
	60269.9	12000.0
	61357.6	36000.0
	61884.8	6000.0
	62015.4	24000.0
	62268.9	6000.0
	62357.671428571426	0.0
	62424.171428571426	6000.0
	62753.5	6000.0


	23066.671428571426	39291.0
	28614.45714285714	40758.0
	30210.800000000003	37674.0
	32631.9	38392.0
	34897.771428571425	42354.0
	37243.0	39721.0
	38935.3	38771.0
	39138.9	37258.0
	44520.1	35482.0
	52541.74285714285	35241.0
	56613.4	34402.0
	57097.0	35710.0
	66512.9	34969.0
	66512.9	34969.0


	56002.1	24000.0
	57044.9	24000.0
	57222.7	24000.0
	57251.9	18000.0
	57782.74285714285	30000.0
	58134.34285714285	30000.0
	58334.0	30000.0
	58611.65714285715	18000.0
	60269.9	12000.0
	60732.55714285714	12000.0
	60955.97142857143	6000.0
	61561.97142857143	12000.0
	61597.357142857145	12000.0
	61884.8	6000.0
	62268.9	6000.0
	62357.671428571426	0.0
	63328.08571428572	0.0


	55629.8	36000.0
	56002.1	24000.0
	56938.5	24000.0
	57251.9	18000.0
	58396.9	18000.0
	59023.9	12000.0
	60269.9	12000.0
	60955.97142857143	6000.0
	62357.671428571426	0.0
	62437.7	12000.0
	63914.0	0.0
	64843.5	0.0
	66082.6	0.0


	55629.8	36000.0
	55840.0	24000.0
	57251.9	18000.0
	58991.1	24000.0
	59023.9	12000.0
	59706.3	18000.0
	60594.2	12000.0
	60955.97142857143	6000.0
	61275.0	30000.0
	62357.671428571426	0.0
	62753.5	6000.0
	62799.23333333334	30000.0
	63371.142857142855	6000.0
	63372.45714285714	6000.0


	55629.8	36000.0
	55840.0	24000.0
	57251.9	18000.0
	57585.3	36000.0
	58964.0	18000.0
	59023.9	12000.0
	59601.5	24000.0
	60955.97142857143	6000.0
	62316.1	12000.0
	62357.671428571426	0.0
	64781.8	12000.0


	54984.6	36000.0
	55840.0	24000.0
	57251.9	18000.0
	59023.9	12000.0
	60273.7	6000.0
	62357.671428571426	0.0
	65251.771428571425	12000.0


	54984.6	36000.0
	55521.21428571428	42000.0
	55840.0	24000.0
	57208.6	18000.0
	59023.9	12000.0
	60273.7	6000.0
	62062.97142857143	0.0
	64755.2	24000.0
	66240.97142857143	18000.0


	51521.8	54000.0
	54445.4	48000.0
	54865.4	30000.0
	55840.0	24000.0
	57208.6	18000.0
	59023.9	12000.0
	60273.7	6000.0
	62062.97142857143	0.0


	61452.97142857143	610.0
	65663.7	610.0
	70413.9	610.0
	74598.6	610.0
	79230.0	610.0
	84255.4	610.0
	95603.22857142857	610.0
	104911.8	610.0


	61452.97142857143	610.0
	61627.671428571426	730.0
	66345.97142857143	610.0
	70413.9	610.0
	74641.9	610.0
	79348.8	610.0
	90314.6	670.0
	95854.61428571428	610.0
	101835.4	610.0


	55015.4	36000.0
	56002.1	24000.0
	58186.6	18000.0
	59309.4	12000.0
	60956.95714285714	6000.0
	61774.857142857145	0.0
	62451.75714285715	0.0


	54345.4	36670.0
	55392.1	24610.0
	56598.6	18610.0
	58699.4	12610.0
	60346.95714285714	6610.0
	61164.857142857145	610.0
	61452.97142857143	610.0


	54345.4	36670.0
	55348.8	24610.0
	56598.6	18610.0
	56641.9	18610.0
	58699.4	12610.0
	58890.54285714286	12610.0
	60203.171428571426	6610.0
	60377.87142857143	6730.0
	61164.857142857145	610.0
	61841.75714285715	610.0


	54345.4	36670.0
	55348.8	24610.0
	56598.6	18610.0
	57576.6	18610.0
	58699.4	12610.0
	59402.57142857143	12610.0
	60203.171428571426	6610.0
	61164.857142857145	610.0
	62054.357142857145	730.0


	44660.7	56809.42857142857
	47814.6	43170.0
	49194.8	30764.0
	50444.6	24764.0
	51469.6	24884.0
	52571.5	14008.857142857143
	53695.4	17614.0
	53766.0	8008.857142857143
	54164.5	8903.5


	44660.7	56809.42857142857
	45719.1	51650.5
	46756.2	48070.0
	47189.8	44595.142857142855
	47689.4	43326.0
	47814.6	43170.0
	48248.2	39463.0
	49108.0	37266.0
	49194.8	30764.0
	49250.1	30752.0
	50444.6	24764.0
	50499.9	24752.0
	51241.4	20259.14285714286
	52479.0	14223.142857142857
	52516.2	14008.857142857143
	52888.1	12752.0
	53248.4	14008.857142857143
	53766.0	8008.857142857143
	54288.9	7638.571428571428
	54288.9	7638.571428571428
	54767.6	8560.0


	44660.7	56809.42857142857
	45719.1	51650.5
	46756.2	48070.0
	47021.2	45650.5
	47189.8	44595.142857142855
	47689.4	43326.0
	47814.6	43170.0
	47820.8	41674.0
	48248.2	39463.0
	48494.1	32259.14285714286
	49194.8	30764.0
	49250.1	30752.0
	50444.6	24764.0
	50499.9	24752.0
	51105.9	20259.14285714286
	51229.2	20223.14285714286
	52479.0	14223.142857142857
	52516.2	14008.857142857143
	52888.1	12752.0
	52901.4	13888.857142857143
	53766.0	8008.857142857143
	54288.9	7638.571428571428
	54323.8	7638.571428571428
	55759.8	7568.285714285714


	44660.7	56809.42857142857
	45719.1	51650.5
	46756.2	48070.0
	47021.2	45650.5
	47189.8	44595.142857142855
	47689.4	43326.0
	47814.6	43170.0
	47820.8	41674.0
	48248.2	39463.0
	48494.1	32259.14285714286
	49194.8	30764.0
	49250.1	30752.0
	49552.5	27127.0
	50444.6	24764.0
	50499.9	24752.0
	51105.9	20259.14285714286
	51229.2	20223.14285714286
	52479.0	14223.142857142857
	52516.2	14008.857142857143
	52888.1	12752.0
	53174.6	13638.571428571428
	53766.0	8008.857142857143
	54226.5	9127.0
	54288.9	7638.571428571428
	54424.4	7638.571428571428
	55759.8	7568.285714285714


	44660.7	56809.42857142857
	45719.1	51650.5
	46756.2	48070.0
	47021.2	45650.5
	47189.8	44595.142857142855
	47689.4	43326.0
	47814.6	43170.0
	47820.8	41674.0
	48248.2	39463.0
	48494.1	32259.14285714286
	49194.8	30764.0
	49250.1	30752.0
	49552.5	27127.0
	50444.6	24764.0
	50499.9	24752.0
	51105.9	20259.14285714286
	51229.2	20223.14285714286
	52479.0	14223.142857142857
	52516.2	14008.857142857143
	52888.1	12752.0
	53020.1	13936.857142857143
	53766.0	8008.857142857143
	53892.8	9935.333333333334
	53974.1	13542.571428571428
	54288.9	7638.571428571428
	54442.9	8008.857142857143
	54575.1	7782.571428571428
	55759.8	7568.285714285714


	44660.7	56809.42857142857
	45719.1	51650.5
	46756.2	48070.0
	47021.2	45650.5
	47189.8	44595.142857142855
	47689.4	43326.0
	47763.9	39463.0
	48494.1	32259.14285714286
	49194.8	30764.0
	49250.1	30752.0
	49552.5	27127.0
	50444.6	24764.0
	50499.9	24752.0
	50750.0	19852.85714285714
	52479.0	14223.142857142857
	52516.2	14008.857142857143
	52888.1	12752.0
	52981.3	14903.5
	53155.6	13936.857142857143
	53325.3	13782.571428571428
	53766.0	8008.857142857143
	54288.9	7638.571428571428
	54870.5	7794.571428571428
	54874.0	9040.0
	55759.8	7568.285714285714


	45270.7	56199.42857142857
	46329.1	51040.5
	46611.6	50199.42857142857
	47407.6	50033.142857142855
	47426.2	47400.0
	47631.2	45040.5
	47799.8	43985.142857142855
	48359.4	42656.0
	48373.9	38853.0
	49104.1	31649.14285714286
	49804.8	30154.0
	49860.1	30142.0
	50162.5	26517.0
	50434.2	25398.85714285714
	51054.6	24154.0
	51109.9	24142.0
	51360.0	19242.85714285714
	52990.7	13398.857142857143
	53498.1	12142.0
	53803.1	13398.857142857143
	54240.5	7398.857142857143
	54751.4	8173.5
	54898.9	7028.571428571428
	55440.8	7398.857142857143
	56489.8	6838.285714285714
	56858.4	7326.857142857143


	44553.8	62199.42857142857
	45270.7	56199.42857142857
	45457.1	57040.5
	46329.1	51040.5
	46504.3	55076.0
	46512.8	51040.5
	46611.6	50199.42857142857
	47426.2	47400.0
	47593.7	48860.0
	47631.2	45040.5
	47799.8	43985.142857142855
	48373.9	38853.0
	48484.6	42500.0
	48490.8	41004.0
	48858.2	38853.0
	49104.1	31649.14285714286
	49229.3	31649.14285714286
	49804.8	30154.0
	49860.1	30142.0
	50162.5	26517.0
	50434.2	25398.85714285714
	50782.7	24692.0
	51054.6	24154.0
	51109.9	24142.0
	51360.0	19242.85714285714
	51839.2	19613.14285714286
	51966.6	19028.571428571428
	52774.3	14517.0
	52990.7	13398.857142857143
	53089.0	13613.142857142857
	53181.5	13398.857142857143
	53498.1	12142.0
	53511.4	13278.857142857143
	53923.9	14293.5
	54240.5	7398.857142857143
	54376.0	7398.857142857143
	54898.9	7028.571428571428
	55586.9	8293.5
	55648.3	7974.0
	56489.8	6838.285714285714


	43899.4	66584.0
	44398.7	62199.42857142857
	45270.7	56199.42857142857
	46198.7	54692.0
	46329.1	51040.5
	46611.6	50199.42857142857
	47407.6	50033.142857142855
	47426.2	47400.0
	47631.2	45040.5
	47799.8	43985.142857142855
	48373.9	38853.0
	48530.0	36692.0
	48881.0	39040.5
	48938.0	42692.0
	49104.1	31649.14285714286
	49588.4	31649.14285714286
	49804.8	30154.0
	49860.1	30142.0
	50162.5	26517.0
	50434.2	25398.85714285714
	50782.7	24692.0
	51054.6	24154.0
	51109.9	24142.0
	51360.0	19242.85714285714
	51851.4	19649.14285714286
	51966.6	19028.571428571428
	52774.3	14517.0
	52990.7	13398.857142857143
	53498.1	12142.0
	54240.5	7398.857142857143
	54431.3	7398.857142857143
	54898.9	7028.571428571428
	56489.8	6838.285714285714


	43899.4	66584.0
	44398.7	62199.42857142857
	45270.7	56199.42857142857
	46198.7	54692.0
	46329.1	51040.5
	46611.6	50199.42857142857
	47407.6	50033.142857142855
	47426.2	47400.0
	47631.2	45040.5
	47799.8	43985.142857142855
	48359.4	42656.0
	48373.9	38853.0
	48530.0	36692.0
	48952.3	42860.0
	49104.1	31649.14285714286
	49804.8	30154.0
	49860.1	30142.0
	50162.5	26517.0
	50434.2	25398.85714285714
	50782.7	24692.0
	51054.6	24154.0
	51109.9	24142.0
	51360.0	19242.85714285714
	51966.6	19028.571428571428
	52774.3	14517.0
	52990.7	13398.857142857143
	53498.1	12142.0
	54240.5	7398.857142857143
	54502.8	9325.333333333334
	54583.7	8293.5
	54898.9	7028.571428571428
	56489.8	6838.285714285714


	42797.6	72942.0
	43620.6	67278.0
	43899.4	66584.0
	44398.7	62199.42857142857
	44470.0	61278.0
	45270.7	56199.42857142857
	45500.5	55985.142857142855
	46198.7	54692.0
	46329.1	51040.5
	46611.6	50199.42857142857
	47407.6	50033.142857142855
	47426.2	47400.0
	47631.2	45040.5
	47799.8	43985.142857142855
	48359.4	42656.0
	48373.9	38853.0
	48530.0	36692.0
	49104.1	31649.14285714286
	49804.8	30154.0
	49860.1	30142.0
	50162.5	26517.0
	50434.2	25398.85714285714
	50782.7	24692.0
	51054.6	24154.0
	51109.9	24142.0
	51360.0	19242.85714285714
	51966.6	19028.571428571428
	52774.3	14517.0
	52990.7	13398.857142857143
	53498.1	12142.0
	54240.5	7398.857142857143
	54719.2	8293.5
	54898.9	7028.571428571428
	56489.8	6838.285714285714


	42797.6	72942.0
	43620.6	67278.0
	43899.4	66584.0
	44398.7	62199.42857142857
	44470.0	61278.0
	45094.8	60692.0
	45270.7	56199.42857142857
	45500.5	55985.142857142855
	46198.7	54692.0
	46329.1	51040.5
	46355.6	50199.42857142857
	47407.6	50033.142857142855
	47426.2	47400.0
	47631.2	45040.5
	47799.8	43985.142857142855
	48359.4	42656.0
	48373.9	38853.0
	48530.0	36692.0
	49104.1	31649.14285714286
	49804.8	30154.0
	49860.1	30142.0
	50162.5	26517.0
	50434.2	25398.85714285714
	50782.7	24692.0
	51054.6	24154.0
	51109.9	24142.0
	51360.0	19242.85714285714
	51966.6	19028.571428571428
	52774.3	14517.0
	52990.7	13398.857142857143
	53498.1	12142.0
	54240.5	7398.857142857143
	54898.9	7028.571428571428
	56489.8	6838.285714285714


	42797.6	72942.0
	43620.6	67278.0
	43899.4	66584.0
	44398.7	62199.42857142857
	44470.0	61278.0
	44955.4	55278.0
	46198.7	54692.0
	46329.1	51040.5
	46355.6	50199.42857142857
	47397.7	48656.0
	47426.2	47400.0
	47631.2	45040.5
	47799.8	43985.142857142855
	48359.4	42656.0
	48373.9	38853.0
	48530.0	36692.0
	49104.1	31649.14285714286
	49804.8	30154.0
	49860.1	30142.0
	50162.5	26517.0
	50434.2	25398.85714285714
	50782.7	24692.0
	51054.6	24154.0
	51109.9	24142.0
	51360.0	19242.85714285714
	51966.6	19028.571428571428
	52774.3	14517.0
	52990.7	13398.857142857143
	53498.1	12142.0
	54240.5	7398.857142857143
	54898.9	7028.571428571428
	56489.8	6838.285714285714


	42797.6	72942.0
	43517.2	66942.0
	43683.2	66750.0
	43815.6	65484.0
	44398.7	62199.42857142857
	44470.0	61278.0
	44955.4	55278.0
	46198.7	54692.0
	46329.1	51040.5
	46355.6	50199.42857142857
	47397.7	48656.0
	47426.2	47400.0
	47631.2	45040.5
	47799.8	43985.142857142855
	48359.4	42656.0
	48373.9	38853.0
	48530.0	36692.0
	49104.1	31649.14285714286
	49804.8	30154.0
	49860.1	30142.0
	50162.5	26517.0
	50434.2	25398.85714285714
	50782.7	24692.0
	51054.6	24154.0
	51109.9	24142.0
	51360.0	19242.85714285714
	51966.6	19028.571428571428
	52774.3	14517.0
	52990.7	13398.857142857143
	53498.1	12142.0
	54240.5	7398.857142857143
	54898.9	7028.571428571428
	56489.8	6838.285714285714


	48350.8	66000.0
	48724.9	66000.0
	49054.3	60000.0
	49299.6	60000.0
	51748.0	54000.0
	52233.4	48000.0
	52598.12857142857	54000.0
	52826.2	42000.0
	53388.1	42000.0
	54053.7	42000.0
	54213.228571428575	42000.0
	55015.4	36000.0
	55222.0	30000.0
	55784.94285714286	36000.0
	55958.8	24000.0
	56002.1	24000.0
	56671.7	36000.0
	56753.24285714285	24000.0
	57208.6	18000.0
	57226.9	30000.0
	57251.9	18000.0
	57474.7	18000.0
	57833.05714285714	18000.0
	58602.857142857145	12000.0
	58679.5	18000.0
	58995.171428571426	12000.0
	59640.1	6000.0
	60389.55714285714	6000.0
	61291.3	6000.0
	61639.357142857145	0.0
	61927.47142857143	0.0
	63328.08571428572	0.0


	49739.6	66000.0
	50433.2	60000.0
	50459.2	60000.0
	50483.4	60000.0
	51786.8	54000.0
	52723.328571428574	54000.0
	52890.7	48000.0
	52905.228571428575	54000.0
	53470.12857142857	48000.0
	53485.642857142855	48000.0
	53971.2	42000.0
	54453.7	42000.0
	54555.02857142857	42000.0
	54984.6	36000.0
	55369.6	42000.0
	55440.74285714285	42000.0
	55784.94285714286	36000.0
	56374.0	30000.0
	56878.44285714286	24000.0
	57073.8	24000.0
	57103.8	24000.0
	57604.4	30000.0
	57627.642857142855	30000.0
	57711.2	30000.0
	58143.3	18000.0
	58353.6	18000.0
	59452.34285714285	12000.0
	59640.1	6000.0
	59824.5	18000.0
	59984.7	18000.0
	60346.4	12000.0
	60580.357142857145	6000.0
	60702.142857142855	6000.0
	60760.53333333333	18000.0
	60790.25714285715	6000.0
	60797.357142857145	6000.0
	60956.95714285714	6000.0
	61639.357142857145	0.0
	61774.857142857145	0.0
	61884.8	6000.0
	61961.4	6000.0
	61962.37142857143	0.0
	64185.25714285715	0.0


	49254.8	66610.0
	50085.4	54610.0
	50288.6	60610.0
	52143.228571428575	54610.0
	52910.3	48670.0
	53799.4	30670.0
	53885.12857142857	48730.0
	53885.12857142857	48730.0
	53887.6	48610.0
	54094.04285714286	48670.0
	54201.02857142857	42610.0
	54255.4	30610.0
	54775.3	42610.0
	54943.3	42610.0
	54989.54285714286	42670.0
	55067.3	36670.0
	55231.142857142855	36610.0
	56627.54285714286	24610.0
	57082.84285714285	30670.0
	57162.142857142855	24610.0
	57234.2	24610.0
	57276.2	24610.0
	57311.5	30610.0
	58890.54285714286	12610.0
	59030.1	6610.0
	59171.8	12610.0
	59367.24285714285	18610.0
	59430.0	18610.0
	60203.171428571426	6610.0
	60482.45714285714	6610.0
	60591.95714285714	6610.0
	61029.357142857145	610.0
	61220.15714285715	610.0
	61452.97142857143	610.0


	46756.2	48070.0
	46756.2	48070.0
	47016.7	42010.0
	47920.0	37302.0
	47982.1	44487.142857142855
	48795.4	35674.0
	49194.8	30764.0
	49239.4	35626.0
	50444.6	24764.0
	50750.0	19852.85714285714
	52380.7	14008.857142857143
	52888.1	12752.0
	53630.5	8008.857142857143
	53766.0	8008.857142857143


	52156.2	42670.0
	52416.7	36610.0
	53799.4	30670.0
	53945.02857142857	42610.0
	54612.0	30610.0
	55348.8	24610.0
	56598.6	18610.0
	57167.75714285715	18610.0
	57992.857142857145	12610.0
	58213.1	12610.0
	59030.1	6610.0
	59779.55714285714	6610.0
	59970.357142857145	6610.0
	60203.171428571426	6610.0
	61029.357142857145	610.0
	61220.15714285715	610.0
	61317.47142857143	610.0
	61317.47142857143	610.0


	54255.4	30610.0
	55133.44285714286	42670.0
	55799.24285714285	36670.0
	56373.8	24730.0
	56975.34285714285	30670.0
	57101.2	30610.0
	59030.1	6610.0
	60092.142857142855	6610.0
	61029.357142857145	610.0
	61164.857142857145	610.0
	61352.37142857143	610.0


	53799.4	30670.0
	55924.44285714286	36670.0
	56962.642857142855	36610.0
	58683.7	24610.0
	59030.1	6610.0
	60180.25714285715	6610.0
	61029.357142857145	610.0
	62267.2	610.0
	62598.08571428572	730.0


	48350.8	66000.0
	48350.8	66000.0
	49054.3	60000.0
	50695.4	54000.0
	51162.7	54000.0
	52233.4	48000.0
	52826.2	42000.0
	53026.7	36000.0
	54469.4	30000.0
	54865.4	30000.0
	58423.65714285715	12000.0
	58599.4	30000.0
	58995.171428571426	12000.0
	59532.2	42000.0
	59640.1	6000.0
	60797.357142857145	6000.0
	61456.5	6000.0
	61639.357142857145	0.0
	64185.25714285715	0.0


	47424.8	66900.0
	48154.3	60900.0
	49795.4	54900.0
	49795.4	54900.0
	51926.2	42900.0
	52126.7	36900.0
	52126.7	36900.0
	53665.4	30804.0
	53665.4	30804.0
	54049.4	30816.0
	56404.6	18804.0
	56459.9	18792.0
	57523.65714285715	12900.0
	57656.15714285715	12900.0
	58848.1	6792.0
	60583.357142857145	1056.0
	60638.65714285715	1056.0
	63269.8	13476.0


	48324.8	66000.0
	49054.3	60000.0
	49299.4	60000.0
	50695.4	54000.0
	50695.4	54000.0
	52826.2	42000.0
	53026.7	36000.0
	53494.8	36000.0
	54469.4	30000.0
	55065.3	30000.0
	55222.0	30000.0
	55840.0	24000.0
	55958.8	24000.0
	57208.6	18000.0
	57251.9	18000.0
	57474.7	18000.0
	57777.75714285715	18000.0
	58423.65714285715	12000.0
	58567.8	12000.0
	59640.1	6000.0
	60389.55714285714	6000.0
	61639.357142857145	0.0
	61774.857142857145	0.0
	64185.25714285715	0.0


	46814.8	67510.0
	47544.3	61510.0
	49185.4	55510.0
	49185.4	55510.0
	51256.2	43570.0
	51350.1	44038.0
	51516.7	37510.0
	51711.9	43702.0
	52995.4	31474.0
	52995.4	31474.0
	54414.0	25426.0
	55794.6	19414.0
	56103.142857142855	19702.0
	56913.65714285715	13510.0
	57046.15714285715	13510.0
	57092.857142857145	13510.0
	58238.1	7402.0
	59973.357142857145	1666.0
	60028.65714285715	1666.0
	60164.15714285715	1666.0


	47714.8	66610.0
	48444.3	60610.0
	50085.4	54610.0
	52156.2	42670.0
	52416.7	36610.0
	53799.4	30670.0
	54255.4	30610.0
	55230.0	24610.0
	55348.8	24610.0
	55392.1	24610.0
	56598.6	18610.0
	57813.65714285715	12610.0
	58213.1	12610.0
	59030.1	6610.0
	59970.357142857145	6610.0
	61029.357142857145	610.0
	61164.857142857145	610.0
	61317.47142857143	610.0


	47714.8	66610.0
	47740.8	66610.0
	48444.3	60610.0
	49149.5	60610.0
	50085.4	54610.0
	50559.7	48610.0
	52156.2	42670.0
	52416.7	36610.0
	52778.1	42610.0
	52803.9	42610.0
	52824.8	36670.0
	53799.4	30670.0
	54255.4	30610.0
	54455.3	30610.0
	55230.0	24610.0
	56598.6	18610.0
	57195.142857142855	18610.0
	57223.05714285714	18610.0
	57813.65714285715	12610.0
	57946.15714285715	12610.0
	57957.8	12610.0
	59030.1	6610.0
	61029.357142857145	610.0
	61084.65714285715	610.0
	63575.25714285715	610.0


	46814.8	67510.0
	47544.3	61510.0
	49185.4	55510.0
	49467.7	49702.0
	51256.2	43570.0
	51516.7	37510.0
	52995.4	31474.0
	53439.4	31426.0
	53520.0	31702.0
	54414.0	25426.0
	55794.6	19414.0
	56913.65714285715	13510.0
	57092.857142857145	13510.0
	57485.171428571426	13510.0
	58238.1	7402.0
	59973.357142857145	1666.0
	60164.15714285715	1666.0


	46648.8	67702.0
	46814.8	67510.0
	47544.3	61510.0
	48081.5	61678.0
	49185.4	55510.0
	49467.7	49702.0
	49642.5	50086.0
	51256.2	43570.0
	51516.7	37510.0
	52020.8	37474.0
	52995.4	31474.0
	53439.4	31426.0
	54414.0	25426.0
	54544.8	25414.0
	54544.8	25414.0
	55794.6	19414.0
	56913.65714285715	13510.0
	57046.15714285715	13510.0
	58238.1	7402.0
	58914.357142857145	7666.0
	59973.357142857145	1666.0
	60028.65714285715	1666.0


	47714.8	66610.0
	47740.8	66610.0
	48444.3	60610.0
	49439.4	54730.0
	50085.4	54610.0
	50559.7	48610.0
	52156.2	42670.0
	52416.7	36610.0
	52824.8	36670.0
	53799.4	30670.0
	54255.4	30610.0
	55230.0	24610.0
	55348.8	24610.0
	55392.1	24610.0
	56598.6	18610.0
	56641.9	18610.0
	57813.65714285715	12610.0
	57957.8	12610.0
	59030.1	6610.0
	61029.357142857145	610.0
	61164.857142857145	610.0


	47714.8	66610.0
	48444.3	60610.0
	49032.4	60670.0
	49149.5	60610.0
	49439.4	54730.0
	50559.7	48610.0
	51118.5	48610.0
	51623.4	48610.0
	52156.2	42670.0
	52205.7	42670.0
	52416.7	36610.0
	53799.4	30670.0
	54255.4	30610.0
	54612.0	30610.0
	55230.0	24610.0
	55348.8	24610.0
	56598.6	18610.0
	57455.87142857143	18610.0
	57813.65714285715	12610.0
	57946.15714285715	12610.0
	59030.1	6610.0
	59242.65714285715	6610.0
	61029.357142857145	610.0
	61084.65714285715	610.0


	48324.8	66000.0
	49024.4	54000.0
	51169.7	48000.0
	52826.2	42000.0
	53026.7	36000.0
	54469.4	30000.0
	54865.4	30000.0
	55840.0	24000.0
	56872.34285714285	24000.0
	57208.6	18000.0
	58423.65714285715	12000.0
	58602.857142857145	12000.0
	59640.1	6000.0
	60580.357142857145	6000.0
	61639.357142857145	0.0
	61830.15714285715	0.0


	47714.8	66610.0
	47740.8	66610.0
	48414.4	54610.0
	48444.3	60610.0
	50559.7	48610.0
	51118.5	48610.0
	52205.7	42670.0
	52416.7	36610.0
	52778.1	42610.0
	52824.8	36670.0
	53799.4	30670.0
	54455.3	30610.0
	55109.7	30610.0
	55230.0	24610.0
	55348.8	24610.0
	56598.6	18610.0
	56641.9	18610.0
	57813.65714285715	12610.0
	57946.15714285715	12610.0
	58385.171428571426	12610.0
	59030.1	6610.0
	59242.65714285715	6610.0
	61029.357142857145	610.0
	61084.65714285715	610.0


	45058.6	73450.0
	46814.8	67510.0
	47514.4	55510.0
	49467.7	49702.0
	51256.2	43570.0
	51516.7	37510.0
	52995.4	31474.0
	53316.0	31510.0
	53555.3	31510.0
	54414.0	25426.0
	54600.1	25402.0
	55772.7	19702.0
	55794.6	19414.0
	56913.65714285715	13510.0
	57092.857142857145	13510.0
	58238.1	7402.0
	58723.55714285714	7666.0
	59973.357142857145	1666.0
	60164.15714285715	1666.0


	45838.6	72670.0
	47714.8	66610.0
	48414.4	54610.0
	49439.4	54730.0
	49455.8	54610.0
	50559.7	48610.0
	51057.4	48610.0
	52156.2	42670.0
	52416.7	36610.0
	52824.8	36670.0
	53799.4	30670.0
	55230.0	24610.0
	55348.8	24610.0
	55392.1	24610.0
	56598.6	18610.0
	56641.9	18610.0
	56864.7	18610.0
	57813.65714285715	12610.0
	57946.15714285715	12610.0
	59030.1	6610.0
	59242.65714285715	6610.0
	61029.357142857145	610.0
	61084.65714285715	610.0
	61452.97142857143	610.0


	45838.6	72670.0
	47714.8	66610.0
	48414.4	54610.0
	50559.7	48610.0
	52156.2	42670.0
	52416.7	36610.0
	53314.5	42610.0
	53799.4	30670.0
	54216.0	30610.0
	54255.4	30610.0
	54612.0	30610.0
	55230.0	24610.0
	56598.6	18610.0
	57223.05714285714	18610.0
	57813.65714285715	12610.0
	57992.857142857145	12610.0
	59030.1	6610.0
	59779.55714285714	6610.0
	61029.357142857145	610.0
	61220.15714285715	610.0


	45838.6	72670.0
	47714.8	66610.0
	48414.4	54610.0
	50559.7	48610.0
	52156.2	42670.0
	52416.7	36610.0
	53799.4	30670.0
	54216.0	30610.0
	54455.3	30610.0
	55230.0	24610.0
	56598.6	18610.0
	57813.65714285715	12610.0
	58213.1	12610.0
	59030.1	6610.0
	59970.357142857145	6610.0
	61029.357142857145	610.0


	45838.6	72670.0
	47714.8	66610.0
	48414.4	54610.0
	50559.7	48610.0
	52156.2	42670.0
	52416.7	36610.0
	53799.4	30670.0
	54216.0	30610.0
	55230.0	24610.0
	56598.6	18610.0
	57167.75714285715	18610.0
	57813.65714285715	12610.0
	59030.1	6610.0
	60187.357142857145	6610.0
	61029.357142857145	610.0


	45058.6	73450.0
	46084.3	73666.0
	46814.8	67510.0
	47514.4	55510.0
	49467.7	49702.0
	51256.2	43570.0
	51516.7	37510.0
	52995.4	31474.0
	53316.0	31510.0
	54414.0	25426.0
	55794.6	19414.0
	56913.65714285715	13510.0
	58238.1	7402.0
	59973.357142857145	1666.0


	45838.6	72670.0
	47714.8	66610.0
	48414.4	54610.0
	49439.4	54730.0
	49455.8	54610.0
	50559.7	48610.0
	51057.4	48610.0
	52156.2	42670.0
	52416.7	36610.0
	52824.8	36670.0
	53799.4	30670.0
	54255.4	30610.0
	55230.0	24610.0
	55348.8	24610.0
	55348.8	24610.0
	56598.6	18610.0
	56641.9	18610.0
	57813.65714285715	12610.0
	57946.15714285715	12610.0
	59030.1	6610.0
	59242.65714285715	6610.0
	61029.357142857145	610.0
	61084.65714285715	610.0
	61452.97142857143	610.0


	45838.6	72670.0
	47140.3	72610.0
	47714.8	66610.0
	48414.4	54610.0
	49256.8	60610.0
	50559.7	48610.0
	52156.2	42670.0
	52416.7	36610.0
	52778.1	42610.0
	53074.12857142857	42610.0
	53799.4	30670.0
	54216.0	30610.0
	54255.4	30610.0
	55230.0	24610.0
	55705.1	24610.0
	56598.6	18610.0
	57167.75714285715	18610.0
	57813.65714285715	12610.0
	59030.1	6610.0
	61029.357142857145	610.0


	45838.6	72670.0
	47140.3	72610.0
	47714.8	66610.0
	48414.4	54610.0
	50559.7	48610.0
	52156.2	42670.0
	52416.7	36610.0
	53799.4	30670.0
	54216.0	30610.0
	55230.0	24610.0
	56598.6	18610.0
	57813.65714285715	12610.0
	59030.1	6610.0
	61029.357142857145	610.0


	45058.6	73450.0
	46084.3	73666.0
	46814.8	67510.0
	47514.4	55510.0
	49467.7	49702.0
	51256.2	43570.0
	51516.7	37510.0
	52995.4	31474.0
	53316.0	31510.0
	54414.0	25426.0
	55794.6	19414.0
	56913.65714285715	13510.0
	58238.1	7402.0
	59973.357142857145	1666.0


