

	0.0202789	0.0021708
	0.0210324	0.0015732
	0.021738614285714285	3.492E-4


	0.01630681428571429	0.005781
	0.016707771428571428	0.0053856
	0.01700375	0.0064012
	0.01700375	0.0064012
	0.0171095	0.0049964
	0.0171599	0.0057084
	0.0172686	0.00519
	0.0173245	0.0051252
	0.01751185	0.0049438
	0.017744233333333335	0.0048216
	0.017813914285714286	0.004669
	0.017919433333333335	0.0046826
	0.018145533333333335	0.0040948
	0.0182588	0.004476


	0.0138718	0.0080452
	0.0141095	0.0079964
	0.0141359	0.007597
	0.0144106	0.0077244
	0.0147142	0.0069258
	0.015100214285714286	0.0074256
	0.015251514285714286	0.0077964
	0.01531	0.0064408
	0.01545967142857143	0.0062898
	0.015755	0.0068506
	0.0158326	0.0069732
	0.0161156	0.00659
	0.01630681428571429	0.005781
	0.016377585714285714	0.0067258
	0.016377585714285714	0.0067258
	0.016474085714285713	0.0056018
	0.01647625	0.006153
	0.0166867	0.0062836
	0.01670525	0.0058774
	0.016906933333333336	0.005779
	0.0170122	0.0052674
	0.017162	0.00579
	0.017196266666666665	0.005641
	0.017196266666666665	0.005641
	0.017545533333333335	0.0046948
	0.017806185714285713	0.0064174
	0.017806185714285713	0.0064174
	0.0178436	0.0052904


	0.018917	0.003
	0.0191059	0.003
	0.0192937	0.0024
	0.019429	0.003
	0.0197569	0.003
	0.01984	0.0018
	0.0199329	0.0018
	0.019949471428571428	0.0018
	0.0204687	0.003
	0.0205508	0.0012
	0.0206497	0.0018
	0.0206586	0.0018
	0.020682914285714286	0.0018
	0.020875885714285714	0.0012
	0.02089337142857143	0.0012
	0.0210739	0.0018
	0.0210796	0.0012
	0.02125565	0.0012
	0.021296085714285713	0.003
	0.02136455	0.0018
	0.0215348	0.0012
	0.0215675	6.0E-4
	0.021640333333333334	6.0E-4
	0.021727	0.0012
	0.021727	0.0012
	0.021769966666666665	0.0012
	0.0218128	0.0012
	0.022087814285714286	0.0
	0.0222534	6.0E-4
	0.02255565	6.0E-4
	0.02255565	6.0E-4
	0.025057433333333334	0.0
	0.025057433333333334	0.0


	0.01880777142857143	0.003
	0.019135	0.003
	0.0192937	0.0024
	0.0196371	0.0018
	0.019912	0.0024
	0.0201563	0.0012
	0.0202537	0.0024
	0.0203719	0.0018
	0.0204683	0.0024
	0.02064075	0.0018
	0.020725814285714288	0.0018
	0.02078265	0.0018
	0.02092894285714286	6.0E-4
	0.021052166666666667	0.0018
	0.0213315	6.0E-4
	0.0213614	0.0012
	0.0213772	0.0012
	0.02138294285714286	0.0012
	0.021402033333333334	0.0012
	0.021637266666666665	0.0012
	0.021965833333333334	6.0E-4
	0.0219664	6.0E-4
	0.021978733333333333	6.0E-4
	0.021995542857142857	0.0
	0.02202925	6.0E-4
	0.022085933333333335	6.0E-4


	0.01880777142857143	0.003
	0.0190297	0.0036
	0.0192937	0.0024
	0.0196371	0.0018
	0.019748385714285714	0.003
	0.019782914285714288	0.0036
	0.0201563	0.0012
	0.0203219	0.0024
	0.0203386	0.0024
	0.0204533	0.0024
	0.0205266	0.0024
	0.020647914285714285	0.0024
	0.02092894285714286	6.0E-4
	0.021033114285714288	0.0018
	0.021044866666666665	0.0018
	0.021152	0.0018
	0.0214056	0.0012
	0.021683266666666666	0.0012
	0.0218338	0.0012
	0.021995542857142857	0.0
	0.0221056	6.0E-4
	0.0224935	6.0E-4
	0.0229279	0.0


	0.0161155	0.0052408
	0.016315142857142858	0.0056804
	0.0163295	0.0051076
	0.01634414285714286	0.0051848
	0.016526	0.0048658
	0.016977585714285714	0.0061258
	0.017200742857142858	0.0061176
	0.0175756	0.0056904
	0.0176326	0.0051732
	0.0179286	0.0049844
	0.017997633333333336	0.0050626
	0.01806577142857143	0.003742
	0.0181919	0.0051402
	0.018318414285714287	0.0051344
	0.0184436	0.0046904
	0.0184867	0.0057684
	0.0184867	0.0044376
	0.01852345	0.0045074
	0.0189651	0.0052908
	0.019017133333333335	0.004361
	0.0194372	0.0040402


	0.0182387	0.0024
	0.01880777142857143	0.003
	0.018917	0.003
	0.0192937	0.0024
	0.01984	0.0018
	0.0201563	0.0012
	0.0202859	0.0012
	0.021184814285714285	6.0E-4
	0.02205061428571429	0.0


	0.0182387	0.0024
	0.0186068	0.0036
	0.0189519	0.0018
	0.0189918	0.0024
	0.0196371	0.0018
	0.019692314285714288	0.0024
	0.01997705	0.0012
	0.0204697	6.0E-4
	0.021671942857142856	0.0
	0.021995542857142857	0.0


	0.0182387	0.0024
	0.0189519	0.0018
	0.0198647	6.0E-4
	0.020513	0.0024
	0.02092894285714286	6.0E-4
	0.0210058	0.0018
	0.0210627	0.0018
	0.0213962	0.0


	0.0174936	0.0024
	0.0180856	0.0018
	0.019504242857142858	0.0012
	0.0198647	6.0E-4
	0.019948	0.0024
	0.0209651	0.0012
	0.0213962	0.0


	0.017298	0.0025956
	0.0178888	0.0019968
	0.0189525	0.0014004
	0.0196655	7.992E-4
	0.021203	1.932E-4
	0.0212511	0.0019752
	0.02134074285714286	0.0019776
	0.022306585714285714	7.968E-4


	0.0174936	0.0024
	0.0180856	0.0018
	0.0189519	0.0018
	0.0189519	0.0018
	0.0191529	0.0012
	0.0192631	0.0012
	0.01944634285714286	0.0012
	0.0198647	6.0E-4
	0.020144014285714287	6.0E-4
	0.0213962	0.0
	0.021572514285714287	0.0


	0.017298	0.0025956
	0.0178888	0.0019968
	0.0189525	0.0014004
	0.0196655	7.992E-4
	0.021203	1.932E-4


	0.017298	0.0025956
	0.0178888	0.0019968
	0.0179502	0.0019968
	0.0189525	0.0014004
	0.0190639	0.0013992
	0.0190639	0.0013992
	0.0196655	7.992E-4
	0.019955614285714286	7.884E-4
	0.019955614285714286	7.884E-4
	0.021203	1.932E-4
	0.021203	1.932E-4
	0.021388914285714287	1.836E-4


	0.017298	0.0025956
	0.0178888	0.0019968
	0.0185693	0.0019968
	0.018729742857142857	0.0019944
	0.0189525	0.0014004
	0.0190639	0.0013992
	0.019256742857142857	0.0013896
	0.01927744285714286	0.0013884
	0.0196655	7.992E-4
	0.019955614285714286	7.884E-4
	0.02002705	7.944E-4
	0.021203	1.932E-4
	0.021388914285714287	1.836E-4
	0.02147754285714286	1.944E-4


	0.0171486	0.0031944
	0.017298	0.0025956
	0.0178888	0.0019968
	0.0186519	0.0019884
	0.0187791	0.0019728
	0.018868142857142858	0.0019848
	0.0189525	0.0014004
	0.0190639	0.0013992
	0.019086742857142857	0.0013944
	0.0191654	7.98E-4
	0.019955614285714286	7.884E-4
	0.0202789	7.908E-4
	0.021203	1.932E-4
	0.021388914285714287	1.836E-4
	0.02149665	1.908E-4


	0.0168164	0.0031884
	0.017298	0.0025956
	0.0178888	0.0019968
	0.0186519	0.0019884
	0.0187791	0.0019728
	0.0189525	0.0014004
	0.019012542857142857	0.0013896
	0.0191654	7.98E-4
	0.019955614285714286	7.884E-4
	0.020517442857142857	8.016E-4
	0.021203	1.932E-4
	0.021388914285714287	1.836E-4
	0.02153087142857143	1.932E-4


	0.0168164	0.0031884
	0.017298	0.0025956
	0.0178888	0.0019968
	0.0186519	0.0019884
	0.0187791	0.0019728
	0.0189525	0.0014004
	0.019012542857142857	0.0013896
	0.0191654	7.98E-4
	0.019955614285714286	7.884E-4
	0.02057484285714286	7.92E-4
	0.021203	1.932E-4
	0.021388914285714287	1.836E-4
	0.0216491	1.908E-4


	0.0168164	0.0031884
	0.017298	0.0025956
	0.0178888	0.0019968
	0.0183291	0.0019884
	0.0187791	0.0019728
	0.0189525	0.0014004
	0.019012542857142857	0.0013896
	0.0191654	7.98E-4
	0.019955614285714286	7.884E-4
	0.02069234285714286	7.92E-4
	0.0207911	7.656E-4
	0.021203	1.932E-4
	0.021388914285714287	1.836E-4
	0.02180114285714286	1.944E-4


	0.0168164	0.0031884
	0.017298	0.0025956
	0.0178888	0.0019968
	0.0183291	0.0019884
	0.0187791	0.0019728
	0.0189525	0.0014004
	0.019012542857142857	0.0013896
	0.0191654	7.98E-4
	0.019955614285714286	7.884E-4
	0.02071754285714286	7.932E-4
	0.0207911	7.656E-4
	0.021203	1.932E-4
	0.021388914285714287	1.836E-4
	0.021855014285714288	1.956E-4


	0.0161534	0.00321
	0.0168164	0.0031884
	0.017298	0.0025956
	0.0178888	0.0019968
	0.0183291	0.0019884
	0.0184625	0.0019872
	0.0186892	0.0013908
	0.019012542857142857	0.0013896
	0.0191654	7.98E-4
	0.019955614285714286	7.884E-4
	0.0207423	7.956E-4
	0.020790166666666665	7.8E-4
	0.0207911	7.656E-4
	0.021203	1.932E-4
	0.021388914285714287	1.836E-4
	0.021901814285714288	1.86E-4


	0.0161534	0.00321
	0.0168164	0.0031884
	0.0172475	0.0020112
	0.0178491	0.0014112
	0.0186892	0.0013908
	0.019012542857142857	0.0013896
	0.0191654	7.98E-4
	0.019955614285714286	7.884E-4
	0.020790166666666665	7.8E-4
	0.0207911	7.656E-4
	0.021203	1.932E-4
	0.021388914285714287	1.836E-4
	0.02207465	1.8E-4


	0.0161534	0.00321
	0.0168164	0.0031884
	0.0172475	0.0020112
	0.0178491	0.0014112
	0.0184466	0.0014076
	0.018553	0.0013968
	0.0186892	0.0013908
	0.019012542857142857	0.0013896
	0.0191654	7.98E-4
	0.019955614285714286	7.884E-4
	0.02054455	7.776E-4
	0.0207911	7.656E-4
	0.021203	1.932E-4
	0.021388914285714287	1.836E-4
	0.02207465	1.8E-4


	0.0156226	0.0043944
	0.0161534	0.00321
	0.0168164	0.0031884
	0.0172475	0.0020112
	0.0178491	0.0014112
	0.0184466	0.0014076
	0.018553	0.0013968
	0.0186892	0.0013908
	0.0189683	0.0013848
	0.0191654	7.98E-4
	0.019955614285714286	7.884E-4
	0.02054455	7.776E-4
	0.0207911	7.656E-4
	0.02086335	2.124E-4
	0.021203	1.932E-4
	0.021388914285714287	1.836E-4
	0.02207465	1.8E-4


	0.0156226	0.0043944
	0.0161534	0.00321
	0.0168164	0.0031884
	0.0172475	0.0020112
	0.0178491	0.0014112
	0.0184466	0.0014076
	0.018553	0.0013968
	0.0186892	0.0013908
	0.0189683	0.0013848
	0.0191654	7.98E-4
	0.0193748	7.968E-4
	0.019955614285714286	7.884E-4
	0.02027824285714286	2.124E-4
	0.021203	1.932E-4
	0.021388914285714287	1.836E-4
	0.02207465	1.8E-4


	0.015817	0.0042
	0.0163634	0.003
	0.0168256	0.0024
	0.0174587	0.0018
	0.0180603	0.0012
	0.0186542	0.0012
	0.0187498	0.0012
	0.01888	0.0012
	0.0191531	0.0012
	0.0193634	6.0E-4
	0.0194843	6.0E-4
	0.020144014285714287	6.0E-4
	0.020490642857142857	0.0
	0.0211028	0.0
	0.0213962	0.0
	0.021572514285714287	0.0
	0.02225465	0.0


	0.015817	0.0042
	0.0163634	0.003
	0.0168256	0.0024
	0.0174587	0.0018
	0.0180603	0.0012
	0.01900864285714286	6.0E-4
	0.020490642857142857	0.0


	0.015817	0.0042
	0.0163065	0.003
	0.0168256	0.0024
	0.0174587	0.0018
	0.0180603	0.0012
	0.01900864285714286	6.0E-4
	0.020490642857142857	0.0


	0.015817	0.0042
	0.0163065	0.003
	0.0168256	0.0024
	0.0174219	0.0018
	0.0180603	0.0012
	0.01900864285714286	6.0E-4
	0.020490642857142857	0.0


	0.0155418	0.0036
	0.0163065	0.003
	0.0168256	0.0024
	0.0174219	0.0018
	0.0180603	0.0012
	0.01900864285714286	6.0E-4
	0.020490642857142857	0.0


	0.0155418	0.0036
	0.0163065	0.003
	0.0168256	0.0024
	0.0174053	0.0018
	0.0180603	0.0012
	0.01900864285714286	6.0E-4
	0.020490642857142857	0.0


	0.0155418	0.0036
	0.0163065	0.003
	0.0168256	0.0024
	0.0174053	0.0018
	0.0180603	0.0012
	0.01900864285714286	6.0E-4
	0.020490642857142857	0.0


	0.0155418	0.0036
	0.0163065	0.003
	0.0168256	0.0024
	0.0174053	0.0018
	0.0180603	0.0012
	0.01900864285714286	6.0E-4
	0.020490642857142857	0.0


	0.0155418	0.0036
	0.0162095	0.003
	0.0168256	0.0024
	0.0174053	0.0018
	0.0180603	0.0012
	0.01900864285714286	6.0E-4
	0.020490642857142857	0.0


	0.0155418	0.0036
	0.0162095	0.003
	0.0168256	0.0024
	0.0174053	0.0018
	0.0180603	0.0012
	0.01900864285714286	6.0E-4
	0.020490642857142857	0.0


	0.0155418	0.0036
	0.0161302	0.003
	0.0168256	0.0024
	0.0174053	0.0018
	0.0180603	0.0012
	0.01900864285714286	6.0E-4
	0.020490642857142857	0.0


	0.0155418	0.0036
	0.0161302	0.003
	0.0168256	0.0024
	0.0174053	0.0018
	0.0180603	0.0012
	0.01900864285714286	6.0E-4
	0.020490642857142857	0.0


	0.0155418	0.0036
	0.0161302	0.003
	0.0168256	0.0024
	0.0174053	0.0018
	0.0180603	0.0012
	0.01900864285714286	6.0E-4
	0.020490642857142857	0.0


	0.0155418	0.0036
	0.0161302	0.003
	0.0168256	0.0024
	0.0174053	0.0018
	0.0179209	0.0012
	0.01900864285714286	6.0E-4
	0.020490642857142857	0.0


	0.0155418	0.0036
	0.0161302	0.003
	0.0168256	0.0024
	0.0174053	0.0018
	0.0179209	0.0012
	0.01900864285714286	6.0E-4
	0.020490642857142857	0.0


	0.0155418	0.0036
	0.0161302	0.003
	0.0168256	0.0024
	0.0174053	0.0018
	0.0179209	0.0012
	0.01900864285714286	6.0E-4
	0.020490642857142857	0.0


	0.0155418	0.0036
	0.0161302	0.003
	0.0168256	0.0024
	0.0174053	0.0018
	0.0179209	0.0012
	0.01900864285714286	6.0E-4
	0.020490642857142857	0.0


	0.0155418	0.0036
	0.0161302	0.003
	0.0168256	0.0024
	0.0174053	0.0018
	0.0179209	0.0012
	0.01900864285714286	6.0E-4
	0.020490642857142857	0.0


	0.0155418	0.0036
	0.0161302	0.003
	0.0168256	0.0024
	0.0174053	0.0018
	0.0179209	0.0012
	0.01900864285714286	6.0E-4
	0.020490642857142857	0.0


	0.0155418	0.0036
	0.0161302	0.003
	0.0167444	0.0024
	0.0174053	0.0018
	0.0179209	0.0012
	0.01900864285714286	6.0E-4
	0.020490642857142857	0.0


	0.0155418	0.0036
	0.0161302	0.003
	0.0167444	0.0024
	0.0174053	0.0018
	0.0179209	0.0012
	0.01864764285714286	6.0E-4
	0.020490642857142857	0.0


	0.0155418	0.0036
	0.0161302	0.003
	0.0167444	0.0024
	0.0174053	0.0018
	0.0179209	0.0012
	0.01864764285714286	6.0E-4
	0.020490642857142857	0.0


	0.0155418	0.0036
	0.0161302	0.003
	0.0167444	0.0024
	0.0174053	0.0018
	0.0179209	0.0012
	0.01864764285714286	6.0E-4
	0.020490642857142857	0.0


	0.0155418	0.0036
	0.0161302	0.003
	0.0167444	0.0024
	0.0174053	0.0018
	0.0179209	0.0012
	0.01864764285714286	6.0E-4
	0.020490642857142857	0.0


	0.0155418	0.0036
	0.0161302	0.003
	0.0167444	0.0024
	0.0174053	0.0018
	0.0179209	0.0012
	0.01864764285714286	6.0E-4
	0.020490642857142857	0.0


	0.0155418	0.0036
	0.0161302	0.003
	0.0167444	0.0024
	0.0174053	0.0018
	0.0179209	0.0012
	0.01864764285714286	6.0E-4
	0.020490642857142857	0.0


	0.0155418	0.0036
	0.0161302	0.003
	0.0167444	0.0024
	0.0174053	0.0018
	0.0179209	0.0012
	0.01864764285714286	6.0E-4
	0.020490642857142857	0.0


	0.0155418	0.0036
	0.0161302	0.003
	0.0167444	0.0024
	0.0174053	0.0018
	0.0179209	0.0012
	0.01864764285714286	6.0E-4
	0.020490642857142857	0.0


	0.0155418	0.0036
	0.0161302	0.003
	0.0167444	0.0024
	0.0174053	0.0018
	0.0179209	0.0012
	0.01864764285714286	6.0E-4
	0.020490642857142857	0.0


	0.0155418	0.0036
	0.0161302	0.003
	0.0167444	0.0024
	0.0174053	0.0018
	0.0179209	0.0012
	0.01864764285714286	6.0E-4
	0.020490642857142857	0.0


	0.0155418	0.0036
	0.0161302	0.003
	0.0167444	0.0024
	0.0174053	0.0018
	0.0179209	0.0012
	0.01864764285714286	6.0E-4
	0.020490642857142857	0.0


	0.0155418	0.0036
	0.0161302	0.003
	0.0167444	0.0024
	0.0174053	0.0018
	0.0179209	0.0012
	0.01864764285714286	6.0E-4
	0.020490642857142857	0.0


	0.0155418	0.0036
	0.0161302	0.003
	0.0167444	0.0024
	0.0174053	0.0018
	0.0179209	0.0012
	0.01864764285714286	6.0E-4
	0.01983175	0.0


	0.0152459	0.004277
	0.0154648	0.003677
	0.0160492	0.003081
	0.0166674	0.002477
	0.0173283	0.001877
	0.0178409	0.00128
	0.01857064285714286	6.77E-4
	0.01976075	7.1E-5


	0.0152459	0.004277
	0.0154648	0.003677
	0.0154683	0.003677
	0.0160492	0.003081
	0.0160492	0.003081
	0.0166674	0.002477
	0.0166674	0.002477
	0.0173283	0.001877
	0.0173283	0.001877
	0.0178409	0.00128
	0.0179833	0.001277
	0.0179833	0.001277
	0.01857064285714286	6.77E-4
	0.01857064285714286	6.77E-4
	0.01976075	7.1E-5
	0.02039564285714286	9.5E-5


	0.0153229	0.0042
	0.0155418	0.0036
	0.0156059	0.0036
	0.0161302	0.003
	0.0162095	0.003
	0.0162095	0.003
	0.0167444	0.0024
	0.0167978	0.0024
	0.0174053	0.0018
	0.0174219	0.0018
	0.0179209	0.0012
	0.0180603	0.0012
	0.0181394	0.0012
	0.01864764285714286	6.0E-4
	0.0188415	6.0E-4
	0.01900864285714286	6.0E-4
	0.01983175	0.0
	0.0205395	0.0


	0.0152459	0.004277
	0.0154648	0.003677
	0.0154648	0.003677
	0.0160492	0.003081
	0.0160492	0.003081
	0.0166674	0.002477
	0.0166674	0.002477
	0.0173283	0.001877
	0.0173817	0.001877
	0.0178409	0.00128
	0.01857064285714286	6.77E-4
	0.01976075	7.1E-5


	0.0152459	0.004277
	0.0154648	0.003677
	0.0154648	0.003677
	0.0160492	0.003081
	0.0160492	0.003081
	0.0166674	0.002477
	0.0167208	0.002477
	0.0171136	0.00188
	0.0173283	0.001877
	0.0173449	0.001877
	0.0178409	0.00128
	0.0179833	0.001277
	0.01857064285714286	6.77E-4
	0.0187705	6.71E-4
	0.01976075	7.1E-5
	0.0204685	7.1E-5


	0.0152459	0.004277
	0.0154648	0.003677
	0.0154683	0.003677
	0.0160492	0.003081
	0.0161325	0.003077
	0.0161325	0.003077
	0.0166674	0.002477
	0.0168259	0.002481
	0.0171136	0.00188
	0.0173283	0.001877
	0.017424	0.001877
	0.0178409	0.00128
	0.0179833	0.001277
	0.0180624	0.001277
	0.01857064285714286	6.77E-4
	0.0187705	6.71E-4
	0.01893164285714286	6.77E-4
	0.01976075	7.1E-5
	0.020614842857142858	1.05E-4


	0.0153229	0.0042
	0.0155418	0.0036
	0.0156059	0.0036
	0.0161302	0.003
	0.0162095	0.003
	0.0163065	0.003
	0.0167444	0.0024
	0.0169292	0.0024
	0.0171936	0.0018
	0.0174053	0.0018
	0.0175378	0.0018
	0.0179209	0.0012
	0.0180603	0.0012
	0.0183665	0.0012
	0.01864764285714286	6.0E-4
	0.0188415	6.0E-4
	0.01925104285714286	6.0E-4
	0.01983175	0.0
	0.020992714285714288	0.0


	0.0153229	0.0042
	0.0155418	0.0036
	0.0155418	0.0036
	0.0161302	0.003
	0.0161302	0.003
	0.0167444	0.0024
	0.0167978	0.0024
	0.0167979	0.0024
	0.0171936	0.0018
	0.0179209	0.0012
	0.01864764285714286	6.0E-4
	0.01983175	0.0


	0.0152459	0.004277
	0.0154648	0.003677
	0.0160492	0.003081
	0.0166674	0.002477
	0.0171136	0.00188
	0.0178409	0.00128
	0.01857064285714286	6.77E-4
	0.01976075	7.1E-5


	0.0152459	0.004277
	0.0154648	0.003677
	0.0154648	0.003677
	0.0160492	0.003081
	0.0161325	0.003077
	0.0161325	0.003077
	0.0166674	0.002477
	0.0167208	0.002477
	0.0171136	0.00188
	0.0173283	0.001877
	0.0173283	0.001877
	0.0178409	0.00128
	0.0179833	0.001277
	0.0179833	0.001277
	0.01857064285714286	6.77E-4
	0.0187705	6.71E-4
	0.0187705	6.71E-4
	0.01976075	7.1E-5
	0.01976075	7.1E-5


	0.0147708	0.004877
	0.0152459	0.004277
	0.0154648	0.003677
	0.0154683	0.003677
	0.0160492	0.003081
	0.0161325	0.003077
	0.0162295	0.003077
	0.0166674	0.002477
	0.0167169	0.002481
	0.0171136	0.00188
	0.0173283	0.001877
	0.017424	0.001877
	0.0178409	0.00128
	0.0179833	0.001277
	0.0180624	0.001277
	0.01857064285714286	6.77E-4
	0.0187705	6.71E-4
	0.0188021	6.8E-4
	0.01976075	7.1E-5
	0.020889714285714286	1.03E-4


	0.0148478	0.0048
	0.0153229	0.0042
	0.0155418	0.0036
	0.0161302	0.003
	0.0162095	0.003
	0.0163529	0.003
	0.0167444	0.0024
	0.0169292	0.0024
	0.0171936	0.0018
	0.0174053	0.0018
	0.0175378	0.0018
	0.0179209	0.0012
	0.0180603	0.0012
	0.0183665	0.0012
	0.01864764285714286	6.0E-4
	0.0188415	6.0E-4
	0.019215	6.0E-4
	0.01983175	0.0
	0.0209934	0.0


	0.0147708	0.004877
	0.0152098	0.004277
	0.0154648	0.003677
	0.0154648	0.003677
	0.0160492	0.003081
	0.0166674	0.002477
	0.0167169	0.002481
	0.0167208	0.002477
	0.0171136	0.00188
	0.0178409	0.00128
	0.01857064285714286	6.77E-4
	0.01976075	7.1E-5


	0.0147708	0.004877
	0.0152098	0.004277
	0.0154648	0.003677
	0.0154648	0.003677
	0.0160492	0.003081
	0.0161325	0.003077
	0.0161325	0.003077
	0.0166674	0.002477
	0.0167456	0.00248
	0.0171136	0.00188
	0.0173283	0.001877
	0.0173449	0.001877
	0.0178409	0.00128
	0.0179819	0.001277
	0.01857064285714286	6.77E-4
	0.0187705	6.71E-4
	0.01976075	7.1E-5
	0.0209174	7.6E-5


	0.0147708	0.004877
	0.0152098	0.004277
	0.0154648	0.003677
	0.0154683	0.003677
	0.0160492	0.003081
	0.0161325	0.003077
	0.0162759	0.003077
	0.0166674	0.002477
	0.0168259	0.002481
	0.0171136	0.00188
	0.0173283	0.001877
	0.017424	0.001877
	0.0178409	0.00128
	0.0179819	0.001277
	0.0179833	0.001277
	0.01857064285714286	6.77E-4
	0.0187705	6.71E-4
	0.019144	6.71E-4
	0.01976075	7.1E-5
	0.020897242857142857	1.23E-4


	0.0148478	0.0048
	0.0152868	0.0042
	0.0155418	0.0036
	0.0159545	0.0036
	0.0161302	0.003
	0.0162095	0.003
	0.0163634	0.003
	0.0167444	0.0024
	0.0169292	0.0024
	0.0171936	0.0018
	0.0174053	0.0018
	0.0175378	0.0018
	0.0179209	0.0012
	0.0180589	0.0012
	0.0181394	0.0012
	0.01864764285714286	6.0E-4
	0.0188415	6.0E-4
	0.019252442857142858	6.0E-4
	0.01983175	0.0
	0.0211028	0.0


	0.0148478	0.0048
	0.0152868	0.0042
	0.0152868	0.0042
	0.0155418	0.0036
	0.0155453	0.0036
	0.0161302	0.003
	0.0167444	0.0024
	0.0167978	0.0024
	0.0167979	0.0024
	0.0171936	0.0018
	0.0179209	0.0012
	0.01864764285714286	6.0E-4
	0.01983175	0.0


	0.0147708	0.004877
	0.0152098	0.004277
	0.0154648	0.003677
	0.0155289	0.003677
	0.0160492	0.003081
	0.0166674	0.002477
	0.0171136	0.00188
	0.0178409	0.00128
	0.01857064285714286	6.77E-4
	0.01976075	7.1E-5


	0.0147708	0.004877
	0.0152098	0.004277
	0.0152098	0.004277
	0.0154648	0.003677
	0.0159411	0.003677
	0.0160492	0.003081
	0.0161325	0.003077
	0.0161325	0.003077
	0.0166674	0.002477
	0.0167208	0.002477
	0.0171136	0.00188
	0.0173283	0.001877
	0.0173283	0.001877
	0.0178409	0.00128
	0.0179819	0.001277
	0.0179819	0.001277
	0.01857064285714286	6.77E-4
	0.0187705	6.71E-4
	0.0187705	6.71E-4
	0.01976075	7.1E-5
	0.0209298	1.73E-4


	0.0148478	0.0048
	0.0152868	0.0042
	0.0155418	0.0036
	0.0161302	0.003
	0.0162095	0.003
	0.0163065	0.003
	0.0167444	0.0024
	0.0167979	0.0024
	0.0171936	0.0018
	0.0174053	0.0018
	0.0175378	0.0018
	0.0179209	0.0012
	0.0180589	0.0012
	0.018138	0.0012
	0.01864764285714286	6.0E-4
	0.0188415	6.0E-4
	0.01925104285714286	6.0E-4
	0.01983175	0.0
	0.021346014285714286	0.0


	0.0148478	0.0048
	0.0152868	0.0042
	0.0152868	0.0042
	0.0155418	0.0036
	0.0155453	0.0036
	0.0161302	0.003
	0.0167444	0.0024
	0.0167978	0.0024
	0.0171936	0.0018
	0.0179209	0.0012
	0.01864764285714286	6.0E-4
	0.01983175	0.0


	0.0147708	0.004877
	0.0152098	0.004277
	0.0154648	0.003677
	0.0155289	0.003677
	0.0160492	0.003081
	0.0166674	0.002477
	0.0171136	0.00188
	0.0178409	0.00128
	0.0182089	6.8E-4
	0.01976075	7.1E-5


	0.0147708	0.004877
	0.0152098	0.004277
	0.0152098	0.004277
	0.0154648	0.003677
	0.0154683	0.003677
	0.0160492	0.003081
	0.0161325	0.003077
	0.0161325	0.003077
	0.0166674	0.002477
	0.0167208	0.002477
	0.0171136	0.00188
	0.0173283	0.001877
	0.0173283	0.001877
	0.0178409	0.00128
	0.0179212	0.001281
	0.0179833	0.001277
	0.0182089	6.8E-4
	0.01857064285714286	6.77E-4
	0.01857064285714286	6.77E-4
	0.01976075	7.1E-5
	0.021216014285714287	1.3E-4


	0.0148478	0.0048
	0.0152868	0.0042
	0.0153229	0.0042
	0.0155418	0.0036
	0.0156838	0.0036
	0.0161302	0.003
	0.0162095	0.003
	0.0163065	0.003
	0.0167444	0.0024
	0.0167979	0.0024
	0.0171936	0.0018
	0.0174053	0.0018
	0.017501	0.0018
	0.0179209	0.0012
	0.0180589	0.0012
	0.0180603	0.0012
	0.0182889	6.0E-4
	0.01864764285714286	6.0E-4
	0.018726742857142858	6.0E-4
	0.01983175	0.0
	0.0213962	0.0


	0.0148478	0.0048
	0.0152868	0.0042
	0.0152868	0.0042
	0.0155418	0.0036
	0.0155453	0.0036
	0.0161302	0.003
	0.0167444	0.0024
	0.0167978	0.0024
	0.0171936	0.0018
	0.0179209	0.0012
	0.0182889	6.0E-4
	0.01983175	0.0


	0.0147708	0.004877
	0.0152098	0.004277
	0.0154648	0.003677
	0.0155289	0.003677
	0.0160492	0.003081
	0.0166674	0.002477
	0.0171136	0.00188
	0.0178409	0.00128
	0.0182089	6.8E-4
	0.01976075	7.1E-5


	0.0147708	0.004877
	0.0152098	0.004277
	0.0152098	0.004277
	0.0154648	0.003677
	0.0154683	0.003677
	0.0160492	0.003081
	0.0161325	0.003077
	0.0161325	0.003077
	0.0166674	0.002477
	0.0167208	0.002477
	0.0171136	0.00188
	0.0173283	0.001877
	0.0173283	0.001877
	0.0178409	0.00128
	0.0179212	0.001281
	0.0179833	0.001277
	0.0182089	6.8E-4
	0.0185214	6.81E-4
	0.01976075	7.1E-5
	0.0212322	1.64E-4


	0.0148478	0.0048
	0.0152868	0.0042
	0.0153229	0.0042
	0.0155418	0.0036
	0.0156838	0.0036
	0.0161302	0.003
	0.0162095	0.003
	0.0163634	0.003
	0.0167444	0.0024
	0.0167979	0.0024
	0.0171936	0.0018
	0.0174053	0.0018
	0.017501	0.0018
	0.0179209	0.0012
	0.0180589	0.0012
	0.0180603	0.0012
	0.0182889	6.0E-4
	0.01864764285714286	6.0E-4
	0.01983175	0.0
	0.021572514285714287	0.0


	0.0148478	0.0048
	0.0152868	0.0042
	0.0152868	0.0042
	0.0155418	0.0036
	0.0155453	0.0036
	0.0161302	0.003
	0.0167444	0.0024
	0.0171936	0.0018
	0.0179209	0.0012
	0.0182889	6.0E-4
	0.01983175	0.0


	0.0147708	0.004877
	0.0152098	0.004277
	0.0154648	0.003677
	0.0155289	0.003677
	0.0160492	0.003081
	0.0166674	0.002477
	0.0171136	0.00188
	0.0178409	0.00128
	0.0182089	6.8E-4
	0.01976075	7.1E-5


	0.0147708	0.004877
	0.0152098	0.004277
	0.0152098	0.004277
	0.0154648	0.003677
	0.0154683	0.003677
	0.0160492	0.003081
	0.0161325	0.003077
	0.0161325	0.003077
	0.0166674	0.002477
	0.0167169	0.002481
	0.0171136	0.00188
	0.0173283	0.001877
	0.0173283	0.001877
	0.0178409	0.00128
	0.0179819	0.001277
	0.0182089	6.8E-4
	0.01857064285714286	6.77E-4
	0.01857064285714286	6.77E-4
	0.01976075	7.1E-5
	0.0198384	7.5E-5


	0.0147708	0.004877
	0.0152098	0.004277
	0.0152459	0.004277
	0.0154648	0.003677
	0.0156068	0.003677
	0.0160492	0.003081
	0.0161325	0.003077
	0.016233	0.003077
	0.0166674	0.002477
	0.0167999	0.002477
	0.0171136	0.00188
	0.0173283	0.001877
	0.017424	0.001877
	0.0178409	0.00128
	0.0179819	0.001277
	0.0179833	0.001277
	0.0182089	6.8E-4
	0.01857064285714286	6.77E-4
	0.018649742857142857	6.77E-4
	0.01976075	7.1E-5
	0.021446514285714285	1.26E-4


	0.0148478	0.0048
	0.0152868	0.0042
	0.0155418	0.0036
	0.0159545	0.0036
	0.0161302	0.003
	0.0162095	0.003
	0.0163634	0.003
	0.0167444	0.0024
	0.0169069	0.0024
	0.0171936	0.0018
	0.0174053	0.0018
	0.0175378	0.0018
	0.0179209	0.0012
	0.0180589	0.0012
	0.0181012	0.0012
	0.0182889	6.0E-4
	0.01864764285714286	6.0E-4
	0.0188415	6.0E-4
	0.01983175	0.0


	0.0147708	0.004877
	0.0152098	0.004277
	0.0152098	0.004277
	0.0154648	0.003677
	0.0154683	0.003677
	0.0160492	0.003081
	0.0166674	0.002477
	0.0167169	0.002481
	0.0171136	0.00188
	0.0178409	0.00128
	0.0182089	6.8E-4
	0.01976075	7.1E-5


	0.0147708	0.004877
	0.0152098	0.004277
	0.0152098	0.004277
	0.0154648	0.003677
	0.0158516	0.003671
	0.0158775	0.003677
	0.0160492	0.003081
	0.0160492	0.003081
	0.0166674	0.002477
	0.0166674	0.002477
	0.0171136	0.00188
	0.0173283	0.001877
	0.0173283	0.001877
	0.0178409	0.00128
	0.0179819	0.001277
	0.0179833	0.001277
	0.0182089	6.8E-4
	0.01857064285714286	6.77E-4
	0.01976075	7.1E-5


	0.0148478	0.0048
	0.0152868	0.0042
	0.0155418	0.0036
	0.0159226	0.0036
	0.0161302	0.003
	0.0162095	0.003
	0.0162095	0.003
	0.0167444	0.0024
	0.0168256	0.0024
	0.0171936	0.0018
	0.0174053	0.0018
	0.0175378	0.0018
	0.0179209	0.0012
	0.0180589	0.0012
	0.0181012	0.0012
	0.0182889	6.0E-4
	0.01864764285714286	6.0E-4
	0.018726742857142858	6.0E-4
	0.01983175	0.0


	0.0147708	0.004877
	0.0152098	0.004277
	0.0152098	0.004277
	0.0154648	0.003677
	0.0154683	0.003677
	0.0160492	0.003081
	0.0166674	0.002477
	0.0167169	0.002481
	0.0171136	0.00188
	0.0178409	0.00128
	0.0182089	6.8E-4
	0.01976075	7.1E-5


	0.0147708	0.004877
	0.0152098	0.004277
	0.0152098	0.004277
	0.0154648	0.003677
	0.0155289	0.003677
	0.0160492	0.003081
	0.0161325	0.003077
	0.0161325	0.003077
	0.0166674	0.002477
	0.0167456	0.00248
	0.0171136	0.00188
	0.0173283	0.001877
	0.0173283	0.001877
	0.0178409	0.00128
	0.0179819	0.001277
	0.0179833	0.001277
	0.0182089	6.8E-4
	0.01857064285714286	6.77E-4
	0.01976075	7.1E-5


	0.0147708	0.004877
	0.0152098	0.004277
	0.0154648	0.003677
	0.0158516	0.003671
	0.0160492	0.003081
	0.0161325	0.003077
	0.0162864	0.003077
	0.0166674	0.002477
	0.0168259	0.002481
	0.0171136	0.00188
	0.0173283	0.001877
	0.0174608	0.001877
	0.0178409	0.00128
	0.0179819	0.001277
	0.0180242	0.001277
	0.0182089	6.8E-4
	0.01857064285714286	6.77E-4
	0.018649742857142857	6.77E-4
	0.01976075	7.1E-5


	0.0148478	0.0048
	0.0152868	0.0042
	0.0155418	0.0036
	0.0159226	0.0036
	0.0161302	0.003
	0.0162095	0.003
	0.0164425	0.003
	0.0167444	0.0024
	0.0170652	0.0024
	0.0171936	0.0018
	0.0174053	0.0018
	0.0176825	0.0018
	0.0179209	0.0012
	0.0180589	0.0012
	0.0181394	0.0012
	0.0182889	6.0E-4
	0.01864764285714286	6.0E-4
	0.0188415	6.0E-4
	0.01983175	0.0


	0.0147708	0.004877
	0.0152098	0.004277
	0.0152098	0.004277
	0.0154648	0.003677
	0.0154683	0.003677
	0.0160492	0.003081
	0.0166674	0.002477
	0.0167169	0.002481
	0.0171136	0.00188
	0.0178409	0.00128
	0.0182089	6.8E-4
	0.01976075	7.1E-5


