0.9739700990666668
0.9751856131
0.9760642840166667
0.9767571521999999
0.9767744252333332
0.9771414440666666
0.9772348098333333
0.9773594072500001
0.97804258315
0.9783962145666667
0.97861840235
0.9787304997
0.9787624716333333
0.9787627162833333
0.9787633120166667
0.9787637840666666
0.9788332038499999
0.97883397335
0.9788343748499999
0.9788346182833333
0.9788372302666667
0.9791080815666667
0.9791086372166666
0.9792143619
0.9798156721333333
0.97981580205
0.9798160810166667
0.97981770715
0.9798180828333334
0.9798182900166666
