

	19745.9	95790.0
	22596.300000000003	94888.0
	23135.300000000003	86642.0
	23972.385714285712	82410.0
	23996.6	72654.0
	24134.557142857142	67258.0
	24765.14285714286	57810.0
	27396.0	57760.0
	27524.36666666667	56410.0
	29045.0	52904.0


	19745.9	95790.0
	21357.4	78348.0
	22544.300000000003	75692.0
	22705.800000000003	74300.0
	23996.6	72654.0
	24134.557142857142	67258.0
	24765.14285714286	57810.0
	27396.0	57760.0
	27524.36666666667	56410.0
	29045.0	52904.0


	19745.9	95790.0
	21357.4	78348.0
	22544.300000000003	75692.0
	22647.300000000003	74116.0
	23129.9	63410.0
	24765.14285714286	57810.0
	26912.8	56606.0
	27516.800000000003	51868.0


	19745.9	95790.0
	21069.7	74864.0
	21166.800000000003	73906.0
	22695.2	72424.0
	23124.5	58758.0
	24765.14285714286	57810.0
	24836.128571428573	56456.0
	26481.300000000003	51150.0


	19745.9	95790.0
	20453.300000000003	92994.0
	20903.5	85700.0
	21069.7	74864.0
	21166.800000000003	73906.0
	22300.800000000003	64746.0
	23124.5	58758.0
	24765.14285714286	57810.0
	24786.628571428573	56182.0
	26481.300000000003	51150.0


