

	0.00197459	0.009579
	0.0022596300000000003	0.0094888
	0.0023135300000000003	0.0086642
	0.0023972385714285714	0.008241
	0.0023996599999999996	0.0072654
	0.002413455714285714	0.0067258
	0.002476514285714286	0.005781
	0.0027396	0.005776
	0.0027524366666666668	0.005641
	0.0029045	0.0052904


	0.00197459	0.009579
	0.00213574	0.0078348
	0.0022544300000000004	0.0075692
	0.0022705800000000003	0.00743
	0.0023996599999999996	0.0072654
	0.002413455714285714	0.0067258
	0.002476514285714286	0.005781
	0.0027396	0.005776
	0.0027524366666666668	0.005641
	0.0029045	0.0052904


	0.00197459	0.009579
	0.00213574	0.0078348
	0.0022544300000000004	0.0075692
	0.0022647300000000004	0.0074116
	0.00231299	0.006341
	0.002476514285714286	0.005781
	0.00269128	0.0056606
	0.0027516800000000003	0.0051868


	0.00197459	0.009579
	0.00210697	0.0074864
	0.00211668	0.0073906
	0.00226952	0.0072424
	0.00231245	0.0058758
	0.002476514285714286	0.005781
	0.002483612857142857	0.0056456
	0.0026481300000000003	0.005115


	0.00197459	0.009579
	0.00204533	0.0092994
	0.00209035	0.00857
	0.00210697	0.0074864
	0.00211668	0.0073906
	0.00223008	0.0064746
	0.00231245	0.0058758
	0.002476514285714286	0.005781
	0.0024786628571428575	0.0056182
	0.0026481300000000003	0.005115


