

	0.00218016	0.0082004
	0.0023159	0.0075324
	0.002413455714285714	0.0067258
	0.002476514285714286	0.005781
	0.0027396	0.005776
	0.0027524366666666668	0.005641
	0.0029045	0.0052904


	0.00208684	0.0086574
	0.0021727599999999997	0.008474
	0.00218016	0.0082004
	0.0023038900000000003	0.00758
	0.0023159	0.0075324
	0.00238632	0.0071666
	0.002413455714285714	0.0067258
	0.002462054285714286	0.006266
	0.002476514285714286	0.005781
	0.0024786628571428575	0.0056182
	0.00266009	0.0054254
	0.0029045	0.0052904


	0.00208684	0.0086574
	0.0021694400000000003	0.0071338
	0.0023458657142857143	0.0066846
	0.002462054285714286	0.006266
	0.002476514285714286	0.005781
	0.0024786628571428575	0.0056182
	0.00261642	0.0053554
	0.0029045	0.0052904


	0.00208684	0.0086574
	0.00211326	0.007684
	0.0021694400000000003	0.0071338
	0.00231245	0.0058758
	0.0024260300000000005	0.005849
	0.002476514285714286	0.005781
	0.0024786628571428575	0.0056182
	0.0025089214285714287	0.005604
	0.00261642	0.0053554
	0.002816106666666667	0.005347
	0.0029045	0.0052904


	0.0053507	0.003
	0.00619726	0.0036
	0.00707503	0.0012
	0.007371819999999999	6.0E-4
	0.0073765	6.0E-4
	0.007563106666666666	6.0E-4
	0.0076798	0.0036
	0.0077442399999999995	0.003
	0.008096862857142857	0.0
	0.008112921428571429	0.0
	0.008154282857142856	0.0
	0.00818825	0.0


