

	22596.300000000003	94888.0
	22835.7	80386.0
	23014.4	73254.0
	24134.557142857142	67258.0
	24765.14285714286	57810.0
	27396.0	57760.0
	27524.36666666667	56410.0
	29045.0	52904.0


	20192.7	99926.0
	22116.6	90366.0
	22247.2	68902.0
	23129.9	63410.0
	24765.14285714286	57810.0
	26055.7	57204.0
	27524.36666666667	56410.0
	29045.0	52904.0


	19203.800000000003	118782.0
	20064.4	105676.0
	20192.7	99926.0
	22116.6	90366.0
	22247.2	68902.0
	23129.9	63410.0
	24731.328571428574	59406.0
	24765.14285714286	57810.0
	25157.557142857142	57470.0
	26055.7	57204.0
	27524.36666666667	56410.0
	27834.9	51518.0


	19203.800000000003	118782.0
	20064.4	105676.0
	20192.7	99926.0
	20382.300000000003	84286.0
	22247.2	68902.0
	22758.2	68544.0
	23129.9	63410.0
	24731.328571428574	59406.0
	24765.14285714286	57810.0
	25157.557142857142	57470.0
	26026.7	52934.0
	27834.9	51518.0
	27871.7	51418.0
	31933.73846153846	45322.0


	19203.800000000003	118782.0
	20064.4	105676.0
	20192.7	99926.0
	20382.300000000003	84286.0
	22247.2	68902.0
	22758.2	68544.0
	22804.9	66012.0
	23059.7	63560.0
	23129.9	63410.0
	24483.04285714286	61044.0
	24731.328571428574	59406.0
	24765.14285714286	57810.0
	24839.34285714286	55832.0
	26026.7	52934.0
	27834.9	51518.0
	27871.7	51418.0
	31852.82307692308	50300.0
	31933.73846153846	45322.0


