22300.8000	64746.0000	140438	120	96	2	6	158	993	1255	0.375	R1: 0 3 9 1 3 11 5 1 2 5 11 10 6 10 3 4 2 9 7 8 10 1 3 1 5 10 0  R2: 0 10 5 6 2 5 10 2 8 6 9 3 10 5 6 7 5 11 2 6 1 6 10 4 0  R3: 0 1 8 1 8 6 1 5 4 3 1 7 8 10 6 7 3 0  R4: 0 8 1 9 7 0  R5: 0 8 1 0  R6: 0 9 2 0  		
23124.5000	58758.0000	151685	130	118	0	6	159	1111	1190	0.29166666666666663	R1: 0 3 9 1 3 8 5 2 4 6 1 6 10 2 3 4 7 10 6 8 7 3 1 5 0  R2: 0 10 5 6 2 5 10 2 8 6 9 3 10 5 6 7 5 4 2 11 3 6 10 1 0  R3: 0 1 11 7 8 0  R4: 0 7 2 8 1 10 5 1 7 8 1 0  R5: 0 10 1 0  R6: 0 9 2 11 4 3 9 7 2 6 9 6 8 3 1 4 0  		
24765.1429	57810.0000	153670	130	136	0	7	155	1093	1209	0.3928571428571429	R1: 0 3 9 1 3 8 5 2 4 6 1 6 10 2 3 4 7 10 6 8 7 3 1 5 0  R2: 0 10 5 6 2 5 10 2 8 6 9 3 10 5 6 7 5 4 2 11 3 6 10 1 0  R3: 0 1 8 0  R4: 0 7 2 8 1 10 5 1 7 8 1 0  R5: 0 11 7 0  R6: 0 10 1 0  R7: 0 9 2 11 4 3 9 7 2 6 9 6 8 3 1 4 0  		
24786.6286	56182.0000	152122	126	130	0	7	156	1061	1243	0.4285714285714286	R1: 0 3 9 1 3 8 5 2 4 6 1 6 10 2 3 4 7 10 6 8 7 3 1 5 0  R2: 0 10 5 6 2 5 10 2 8 6 9 3 10 5 6 7 5 4 2 11 3 6 10 1 0  R3: 0 1 8 0  R4: 0 7 2 8 1 10 5 7 1 8 1 0  R5: 0 11 7 0  R6: 0 9 2 11 4 6 9 7 2 3 9 6 10 1 8 3 4 0  R7: 0 8 1 0  		
26481.3000	51150.0000	160943	74	141	1	8	130	857	1270	0.4375	R1: 0 10 7 0  R2: 0 3 9 2 7 11 5 2 7 5 1 7 8 1 5 7 10 6 8 1 8 3 0  R3: 0 6 8 9 11 0  R4: 0 2 9 7 8 0  R5: 0 1 3 5 1 8 1 0  R6: 0 1 3 4 0  R7: 0 10 5 10 5 2 6 8 1 8 9 3 4 6 7 2 3 9 10 7 3 6 1 5 10 0  R8: 0 9 11 6 2 1 3 4 6 5 1 4 2 6 4 10 0  		
25356.7429	51840.0000	158066	80	141	1	7	145	866	1301	0.3928571428571429	R1: 0 5 1 0  R2: 0 3 9 2 7 11 7 2 5 10 7 9 11 8 1 5 7 0  R3: 0 6 8 5 1 2 9 8 7 10 6 8 1 8 3 0  R4: 0 1 3 1 8 1 0  R5: 0 1 3 4 0  R6: 0 10 5 10 5 2 6 8 1 8 9 3 4 6 7 2 3 9 10 7 3 6 1 5 10 0  R7: 0 9 11 6 2 1 3 4 6 5 1 4 2 6 10 4 0  		
23080.6000	59578.0000	154526	103	157	2	5	179	888	1244	0.25	R1: 0 3 1 3 5 9 5 1 6 8 11 6 8 2 1 9 10 1 7 3 6 10 0  R2: 0 10 5 10 5 2 6 8 9 2 6 3 6 7 10 6 4 1 6 8 3 1 5 4 10 0  R3: 0 7 11 2 7 2 9 5 9 1 3 11 5 7 4 2 6 10 0  R4: 0 2 5 1 8 1 8 6 10 7 4 2 3 8 5 1 0  R5: 0 1 4 0  		
24625.1429	58100.0000	152250	130	136	0	7	150	1100	1211	0.3928571428571429	R1: 0 3 9 1 3 8 5 2 4 6 1 6 10 2 3 4 7 10 6 8 7 3 1 5 0  R2: 0 10 5 6 2 5 10 2 8 6 9 3 10 5 6 7 5 4 2 11 3 6 10 1 0  R3: 0 1 8 0  R4: 0 7 2 8 1 10 5 7 8 1 0  R5: 0 11 7 0  R6: 0 10 1 0  R7: 0 9 2 11 4 3 9 7 2 6 9 6 8 3 1 4 0  		
25028.5429	55974.0000	161354	93	89	1	7	162	942	1268	0.3928571428571429	R1: 0 10 7 4 3 0  R2: 0 3 1 3 5 9 5 1 8 6 8 2 9 2 5 1 8 9 7 3 6 10 0  R3: 0 10 6 0  R4: 0 10 5 10 5 2 6 8 9 2 6 3 6 7 10 6 4 1 6 8 3 1 5 10 4 0  R5: 0 7 11 2 7 2 9 5 9 7 3 1 11 4 10 2 6 0  R6: 0 1 2 5 1 8 1 4 11 6 8 1 0  R7: 0 10 1 0  		
26614.7000	49500.0000	157227	74	141	1	8	130	824	1400	0.5	R1: 0 3 9 2 11 5 1 2 7 5 1 9 8 1 9 7 6 4 11 8 1 8 3 0  R2: 0 6 8 10 7 0  R3: 0 2 8 10 6 0  R4: 0 1 3 5 1 8 1 0  R5: 0 1 3 4 0  R6: 0 10 5 10 5 2 6 8 1 8 9 3 4 6 7 2 3 9 10 7 3 6 1 5 10 0  R7: 0 5 7 0  R8: 0 9 11 6 2 1 3 4 5 7 1 10 2 6 4 0  		
26835.8000	48066.0000	163468	93	141	0	8	128	912	1372	0.4375	R1: 0 5 1 0  R2: 0 10 7 0  R3: 0 3 9 2 7 11 5 7 2 5 1 8 2 1 8 7 8 1 8 3 0  R4: 0 6 8 9 11 9 5 7 10 6 0  R5: 0 1 3 5 1 8 1 0  R6: 0 1 3 4 0  R7: 0 10 5 10 5 2 6 8 1 8 9 3 4 6 7 2 3 9 10 7 3 6 1 5 10 0  R8: 0 9 11 6 2 1 3 4 6 5 1 4 2 6 4 10 0  		
27907.4000	47436.0000	163554	146	144	0	9	123	890	1424	0.5	R1: 0 3 9 2 7 2 5 1 6 9 6 2 10 2 8 9 6 7 3 4 6 10 0  R2: 0 11 6 0  R3: 0 1 3 1 8 1 5 8 6 1 4 3 9 7 5 1 7 0  R4: 0 1 4 3 0  R5: 0 10 5 6 5 10 2 8 1 2 5 9 3 6 7 10 6 4 8 3 1 11 10 5 0  R6: 0 11 7 0  R7: 0 5 10 7 8 1 0  R8: 0 10 1 0  R9: 0 2 6 8 3 0  		
18427.0000	74954.0000	131430	187	78	3	4	182	1058	1198	0.125	R1: 0 3 9 1 3 11 7 5 1 2 11 9 5 3 6 2 9 4 10 1 7 3 11 0  R2: 0 10 5 6 2 5 10 2 8 9 5 2 3 1 7 6 4 10 6 2 6 3 6 1 5 10 4 0  R3: 0 1 8 1 8 6 1 6 4 3 2 1 5 10 8 7 8 3 1 0  R4: 0 5 10 7 8 1 0  		
20607.9000	72362.0000	133249	172	104	3	5	191	1007	1235	0.30000000000000004	R1: 0 3 9 1 3 11 7 5 1 6 2 11 5 6 10 9 4 7 8 10 1 8 3 1 0  R2: 0 6 1 0  R3: 0 10 5 6 2 5 10 2 8 9 5 2 3 1 7 6 4 10 6 2 6 3 6 1 5 10 4 0  R4: 0 1 8 1 8 1 10 7 0  R5: 0 9 4 2 3 2 9 5 1 8 7 3 11 4 0  		
21141.8000	70800.0000	139448	130	131	2	5	150	1114	1125	0.25	R1: 0 3 9 1 3 8 5 2 4 6 1 6 10 2 3 4 7 10 6 8 7 3 1 5 0  R2: 0 10 5 6 2 5 10 2 8 6 9 3 10 5 6 7 5 4 2 11 3 6 10 1 0  R3: 0 7 2 8 1 10 5 1 8 1 7 0  R4: 0 11 7 0  R5: 0 9 2 11 4 3 9 7 2 6 9 6 8 3 1 4 0  		
21316.0000	66702.0000	142740	131	77	3	5	166	908	1318	0.30000000000000004	R1: 0 3 9 1 3 11 7 5 1 2 5 6 9 11 3 1 4 10 7 3 0  R2: 0 6 8 5 4 3 2 7 8 0  R3: 0 10 5 6 2 5 10 2 8 9 5 2 3 1 7 6 4 10 6 2 6 3 6 1 5 10 4 0  R4: 0 1 7 2 8 10 11 6 7 8 1 0  R5: 0 9 2 9 7 5 1 10 1 8 3 1 0  		
22237.4000	66454.0000	139044	105	95	3	6	167	908	1093	0.41666666666666663	R1: 0 3 9 1 3 7 2 5 6 2 11 6 4 3 9 7 2 9 1 8 7 10 6 4 3 1 5 0  R2: 0 8 3 0  R3: 0 10 5 6 2 5 10 2 8 9 5 2 3 1 7 6 4 10 6 8 3 6 10 1 0  R4: 0 1 8 1 8 1 10 7 0  R5: 0 6 10 8 1 0  R6: 0 9 11 2 3 4 5 7 1 8 2 6 0  		
23059.7000	63560.0000	146937	130	131	1	6	155	1088	1194	0.33333333333333337	R1: 0 3 9 1 3 8 5 2 4 6 1 6 10 2 3 4 7 10 6 8 7 3 1 5 0  R2: 0 10 5 6 2 5 10 2 8 6 9 3 10 5 6 7 5 4 2 11 3 6 10 1 0  R3: 0 7 2 8 1 10 5 1 7 8 1 0  R4: 0 11 7 0  R5: 0 10 1 0  R6: 0 9 2 11 4 3 9 7 2 6 9 6 8 3 1 4 0  		
