0.9793481207228572
0.9807708979828572
0.9809084301228571
0.9813934260114285
0.9832494094314286
0.9843679665314286
0.9843695456714286
0.9843704958314285
0.9844834642714285
0.9844835454514285
0.9847945789914285
0.9847946600599999
0.98488661686
0.9848866469800001
0.9848866762
0.9848867975200001
0.98488712182
0.98488712182
0.9854061672
0.98540617392
0.98540642076
0.98540682606
0.9854072232
0.9854072232
0.9854072232
0.9854072882399999
0.9854073289199999
0.9854073289199999
0.9854073289199999
0.9854073289199999
0.98540738334
0.98540738334
0.98548746456
0.98548746456
0.98548746456
0.98561047248
0.98561047248
0.9856104811799999
0.9856104811799999
0.98565215358
0.9859833855600001
0.9859833855600001
0.9859834461600001
0.9859834461600001
0.9859834461600001
0.9859834461600001
0.9859834461600001
0.9859834461600001
0.9859834461600001
0.98598356202
0.98598356202
0.98598356202
0.98598356202
0.98598356202
0.98598356202
0.98598356202
0.98598356202
0.98598356202
0.98598356202
0.9859837075800001
0.9859837075800001
0.9859837075800001
0.9859837075800001
0.9859837075800001
0.9859839464400001
0.9859839464400001
0.9859839464400001
0.9859839464400001
0.9859839464400001
0.98605304532
0.98605304532
0.98605304532
0.98605309752
0.98605309752
0.98605309752
0.98605326072
0.98605326072
0.98605326072
0.98605326072
0.98605326072
0.98605326072
0.98605326072
0.98605405476
0.98605405758
0.98605405758
0.98605415904
0.98605415904
0.98605415904
0.98605415904
0.98605415904
0.98605415904
0.98605415904
0.98605428576
0.98605428576
0.98605428576
0.98605428576
0.98605438122
0.98605438122
0.98605438122
0.98605438122
