

	52904.0	178436.0
	56410.0	171962.66666666666
	57810.0	163068.14285714287
	68506.0	157550.0
	69252.0	155245.0
	86642.0	153926.0


	50258.0	174061.0
	55608.0	162185.14285714287
	61716.0	154444.0
	73076.0	154118.5
	73594.0	140599.0


	49886.0	173538.0
	55364.0	163624.0
	55608.0	162185.14285714287
	59052.0	153542.0
	64124.0	153130.0
	67712.0	147493.0
	73594.0	140599.0
	96854.0	133419.0


	48478.0	175339.66666666666
	49886.0	173538.0
	54612.0	172525.66666666666
	55364.0	163624.0
	55608.0	162185.14285714287
	56828.0	158583.0
	59052.0	153542.0
	63302.0	150557.0
	67712.0	147493.0
	73594.0	140599.0
	78448.0	138033.0
	96854.0	133419.0
	102504.0	127485.0


	48478.0	175339.66666666666
	49886.0	173538.0
	53230.0	169069.14285714287
	54198.0	166757.0
	55364.0	163624.0
	55608.0	162185.14285714287
	56828.0	158583.0
	59052.0	153542.0
	62414.0	152902.0
	63302.0	150557.0
	67712.0	147493.0
	72930.0	140716.0
	73594.0	140599.0
	78448.0	138033.0
	91252.0	131753.0
	102504.0	127485.0
	103292.0	126766.0


	48478.0	175339.66666666666
	49886.0	173538.0
	53230.0	169069.14285714287
	54198.0	166757.0
	55364.0	163624.0
	55608.0	162185.14285714287
	56754.0	159524.0
	56828.0	158583.0
	57000.0	157868.0
	59052.0	153542.0
	59418.0	152548.0
	63302.0	150557.0
	67712.0	147493.0
	72186.0	147258.0
	72930.0	140716.0
	73594.0	140599.0
	78448.0	138033.0
	91252.0	131753.0
	102504.0	127485.0
	103292.0	126766.0


	47388.0	176293.33333333334
	48478.0	175339.66666666666
	49524.0	172463.0
	50362.0	172419.5
	53230.0	169069.14285714287
	54198.0	166757.0
	55364.0	163624.0
	55608.0	162185.14285714287
	56754.0	159524.0
	56828.0	158583.0
	57000.0	157868.0
	57598.0	154627.0
	59052.0	153542.0
	59418.0	152548.0
	63302.0	150557.0
	67712.0	147493.0
	69462.0	146694.0
	72260.0	141233.0
	72930.0	140716.0
	73594.0	140599.0
	78448.0	138033.0
	91252.0	131753.0
	102504.0	127485.0
	103292.0	126766.0


	47388.0	176293.33333333334
	47870.0	175136.66666666666
	49524.0	172463.0
	50362.0	172419.5
	53150.0	168057.0
	53776.0	158486.0
	57000.0	157868.0
	57598.0	154627.0
	58210.0	154119.0
	59052.0	153542.0
	59418.0	152548.0
	61456.0	151328.42857142858
	63302.0	150557.0
	64594.0	147037.0
	67704.0	146544.0
	72260.0	141233.0
	72930.0	140716.0
	73594.0	140599.0
	78448.0	138033.0
	91252.0	131753.0
	102504.0	127485.0
	103292.0	126766.0


	47388.0	176293.33333333334
	47870.0	175136.66666666666
	49524.0	172463.0
	50362.0	172419.5
	53150.0	168057.0
	53776.0	158486.0
	56038.0	156165.0
	57598.0	154627.0
	58210.0	154119.0
	59052.0	153542.0
	59418.0	152548.0
	61456.0	151328.42857142858
	63302.0	150557.0
	64594.0	147037.0
	67704.0	146544.0
	72260.0	141233.0
	72930.0	140716.0
	73594.0	140599.0
	78448.0	138033.0
	91252.0	131753.0
	102504.0	127485.0
	103292.0	126766.0


	44634.0	173138.5
	49524.0	172463.0
	49562.0	167389.42857142858
	51948.0	160661.0
	53768.0	158582.0
	53776.0	158486.0
	56038.0	156165.0
	57598.0	154627.0
	58210.0	154119.0
	59052.0	153542.0
	59418.0	152548.0
	61456.0	151328.42857142858
	63302.0	150557.0
	64594.0	147037.0
	67106.0	145423.0
	72260.0	141233.0
	72930.0	140716.0
	73594.0	140599.0
	78448.0	138033.0
	91252.0	131753.0
	102504.0	127485.0
	103292.0	126766.0


	44634.0	173138.5
	49524.0	172463.0
	49562.0	167389.42857142858
	51948.0	160661.0
	53768.0	158582.0
	53776.0	158486.0
	55014.0	157198.0
	56038.0	156165.0
	57498.0	154008.0
	59052.0	153542.0
	59216.0	153191.0
	59418.0	152548.0
	61456.0	151328.42857142858
	63302.0	150557.0
	64594.0	147037.0
	67106.0	145423.0
	70144.0	141717.0
	72260.0	141233.0
	72930.0	140716.0
	73594.0	140599.0
	78448.0	138033.0
	91252.0	131753.0
	102504.0	127485.0
	103292.0	126766.0


	43740.0	168115.7142857143
	48240.0	167223.42857142858
	50426.0	160511.0
	53402.0	159576.0
	53768.0	158582.0
	53776.0	158486.0
	55014.0	157198.0
	55886.0	153389.0
	59216.0	153191.0
	59418.0	152548.0
	61456.0	151328.42857142858
	63302.0	150557.0
	64594.0	147037.0
	67106.0	145423.0
	70144.0	141717.0
	72260.0	141233.0
	72930.0	140716.0
	73594.0	140599.0
	78448.0	138033.0
	91252.0	131753.0
	102504.0	127485.0
	103292.0	126766.0


	43740.0	168115.7142857143
	44124.0	164485.0
	50426.0	160511.0
	51038.0	158901.0
	53768.0	158582.0
	53776.0	158486.0
	55014.0	157198.0
	55886.0	153389.0
	59216.0	153191.0
	59418.0	152548.0
	60660.0	152378.0
	61456.0	151328.42857142858
	63302.0	150557.0
	64594.0	147037.0
	67106.0	145423.0
	70144.0	141717.0
	72260.0	141233.0
	72930.0	140716.0
	73594.0	140599.0
	78448.0	138033.0
	91252.0	131753.0
	102504.0	127485.0
	103292.0	126766.0


	43740.0	168115.7142857143
	44124.0	164485.0
	49012.0	162418.0
	49724.0	156095.0
	55300.0	154390.0
	55886.0	153389.0
	59216.0	153191.0
	59418.0	152548.0
	60660.0	152378.0
	61456.0	151328.42857142858
	63302.0	150557.0
	64594.0	147037.0
	67056.0	145887.0
	67106.0	145423.0
	70144.0	141717.0
	72260.0	141233.0
	72930.0	140716.0
	73594.0	140599.0
	78448.0	138033.0
	91252.0	131753.0
	102504.0	127485.0
	103292.0	126766.0


	43740.0	168115.7142857143
	44124.0	164485.0
	49012.0	162418.0
	49396.0	158623.0
	49724.0	156095.0
	55300.0	154390.0
	55540.0	153327.0
	58766.0	153111.0
	59418.0	152548.0
	60660.0	152378.0
	61456.0	151328.42857142858
	63302.0	150557.0
	64594.0	147037.0
	67056.0	145887.0
	67106.0	145423.0
	70144.0	141717.0
	72212.0	137973.0
	91252.0	131753.0
	102504.0	127485.0
	103292.0	126766.0


	43740.0	168115.7142857143
	44124.0	164485.0
	49012.0	162418.0
	49396.0	158623.0
	49724.0	156095.0
	55300.0	154390.0
	55540.0	153327.0
	58766.0	153111.0
	59418.0	152548.0
	60660.0	152378.0
	61456.0	151328.42857142858
	63302.0	150557.0
	64594.0	147037.0
	67056.0	145887.0
	67106.0	145423.0
	70144.0	141717.0
	72212.0	137973.0
	75500.0	137177.0
	91252.0	131753.0
	102504.0	127485.0
	103292.0	126766.0


	43740.0	168115.7142857143
	43746.0	164657.0
	44124.0	164485.0
	49012.0	162418.0
	49396.0	158623.0
	49724.0	156095.0
	50074.0	155824.0
	55300.0	154390.0
	55540.0	153327.0
	58766.0	153111.0
	59418.0	152548.0
	60660.0	152378.0
	61456.0	151328.42857142858
	63302.0	150557.0
	64426.0	147151.0
	64594.0	147037.0
	67056.0	145887.0
	67106.0	145423.0
	68588.0	142096.0
	70144.0	141717.0
	72212.0	137973.0
	75500.0	137177.0
	91252.0	131753.0
	102504.0	127485.0
	103292.0	126766.0


	43740.0	168115.7142857143
	43746.0	164657.0
	44124.0	164485.0
	49012.0	162418.0
	49396.0	158623.0
	49724.0	156095.0
	50074.0	155824.0
	55300.0	154390.0
	55540.0	153327.0
	58766.0	153111.0
	59418.0	152548.0
	60458.0	151768.42857142858
	61456.0	151328.42857142858
	63302.0	150557.0
	64426.0	147151.0
	64594.0	147037.0
	67056.0	145887.0
	67106.0	145423.0
	68588.0	142096.0
	70144.0	141717.0
	72212.0	137973.0
	75500.0	137177.0
	91252.0	131753.0
	102504.0	127485.0
	103292.0	126766.0


	43740.0	168115.7142857143
	43746.0	164657.0
	44124.0	164485.0
	49012.0	162418.0
	49396.0	158623.0
	49724.0	156095.0
	50000.0	155611.0
	55300.0	154390.0
	55540.0	153327.0
	55600.0	151763.0
	61456.0	151328.42857142858
	63302.0	150557.0
	64426.0	147151.0
	64594.0	147037.0
	66108.0	145863.0
	67106.0	145423.0
	68588.0	142096.0
	70144.0	141717.0
	72212.0	137973.0
	75500.0	137177.0
	91252.0	131753.0
	102504.0	127485.0
	103292.0	126766.0


	43476.0	176260.0
	43740.0	168115.7142857143
	43746.0	164657.0
	44124.0	164485.0
	49012.0	162418.0
	49396.0	158623.0
	49622.0	155783.0
	50000.0	155611.0
	55226.0	154177.0
	55540.0	153327.0
	55600.0	151763.0
	61456.0	151328.42857142858
	63302.0	150557.0
	64426.0	147151.0
	64594.0	147037.0
	66108.0	145863.0
	67106.0	145423.0
	68588.0	142096.0
	70144.0	141717.0
	72212.0	137973.0
	75500.0	137177.0
	91252.0	131753.0
	102504.0	127485.0
	103292.0	126766.0


	43476.0	176260.0
	43740.0	168115.7142857143
	43746.0	164657.0
	44050.0	164272.0
	49012.0	162418.0
	49396.0	158623.0
	49622.0	155783.0
	50000.0	155611.0
	55226.0	154177.0
	55540.0	153327.0
	55600.0	151763.0
	61456.0	151328.42857142858
	63302.0	150557.0
	64426.0	147151.0
	64594.0	147037.0
	66108.0	145863.0
	67106.0	145423.0
	68588.0	142096.0
	70144.0	141717.0
	72212.0	137973.0
	75500.0	137177.0
	91252.0	131753.0
	102504.0	127485.0
	103292.0	126766.0


	43288.0	168074.7142857143
	43746.0	164657.0
	44050.0	164272.0
	48938.0	162205.0
	49322.0	158410.0
	49622.0	155783.0
	50000.0	155611.0
	55226.0	154177.0
	55540.0	153327.0
	55600.0	151763.0
	61456.0	151328.42857142858
	63302.0	150557.0
	64426.0	147151.0
	64594.0	147037.0
	66108.0	145863.0
	67106.0	145423.0
	68588.0	142096.0
	70144.0	141717.0
	72212.0	137973.0
	75500.0	137177.0
	91252.0	131753.0
	102504.0	127485.0
	103292.0	126766.0


	43288.0	168074.7142857143
	43746.0	164657.0
	44050.0	164272.0
	48938.0	162205.0
	49322.0	158410.0
	49622.0	155783.0
	50000.0	155611.0
	55226.0	154177.0
	55540.0	153327.0
	55600.0	151763.0
	61456.0	151328.42857142858
	63302.0	150557.0
	64426.0	147151.0
	64594.0	147037.0
	66108.0	145863.0
	67106.0	145423.0
	68588.0	142096.0
	70144.0	141717.0
	72212.0	137973.0
	75500.0	137177.0
	91252.0	131753.0
	102504.0	127485.0
	103292.0	126766.0


	43288.0	168074.7142857143
	43746.0	164657.0
	44050.0	164272.0
	48938.0	162205.0
	49272.0	156054.0
	49622.0	155783.0
	50000.0	155611.0
	53052.0	153142.0
	55600.0	151763.0
	61456.0	151328.42857142858
	63302.0	150557.0
	64426.0	147151.0
	64594.0	147037.0
	66108.0	145863.0
	67106.0	145423.0
	68588.0	142096.0
	70144.0	141717.0
	72212.0	137973.0
	75500.0	137177.0
	91252.0	131753.0
	102504.0	127485.0
	103292.0	126766.0


	43288.0	168074.7142857143
	43672.0	164444.0
	44050.0	164272.0
	46892.0	159651.0
	49272.0	156054.0
	49622.0	155783.0
	50000.0	155611.0
	53052.0	153142.0
	55600.0	151763.0
	61454.0	147882.0
	64426.0	147151.0
	64594.0	147037.0
	66108.0	145863.0
	67106.0	145423.0
	68588.0	142096.0
	70144.0	141717.0
	72212.0	137973.0
	75500.0	137177.0
	91252.0	131753.0
	102504.0	127485.0
	103292.0	126766.0


	43288.0	168074.7142857143
	43666.0	167902.7142857143
	43672.0	164444.0
	44050.0	164272.0
	46892.0	159651.0
	49272.0	156054.0
	49622.0	155783.0
	50000.0	155611.0
	50818.0	153178.0
	53052.0	153142.0
	55250.0	152034.0
	55526.0	151550.0
	61454.0	147882.0
	64426.0	147151.0
	64594.0	147037.0
	66108.0	145863.0
	67106.0	145423.0
	68588.0	142096.0
	70144.0	141717.0
	72212.0	137973.0
	75500.0	137177.0
	75750.0	136984.0
	80046.0	136959.0
	91252.0	131753.0
	102504.0	127485.0
	103292.0	126766.0


	43288.0	168074.7142857143
	43666.0	167902.7142857143
	43672.0	164444.0
	44050.0	164272.0
	46892.0	159651.0
	49272.0	156054.0
	49622.0	155783.0
	50000.0	155611.0
	50818.0	153178.0
	53052.0	153142.0
	55176.0	151821.0
	55526.0	151550.0
	56568.0	150527.0
	61454.0	147882.0
	64426.0	147151.0
	64594.0	147037.0
	66108.0	145863.0
	67106.0	145423.0
	68588.0	142096.0
	70144.0	141717.0
	72212.0	137973.0
	75500.0	137177.0
	75750.0	136984.0
	80046.0	136959.0
	91252.0	131753.0
	102504.0	127485.0
	103292.0	126766.0


	43288.0	168074.7142857143
	43666.0	167902.7142857143
	43672.0	164444.0
	44050.0	164272.0
	46892.0	159651.0
	49272.0	156054.0
	49622.0	155783.0
	50000.0	155611.0
	50818.0	153178.0
	53052.0	153142.0
	55176.0	151821.0
	55526.0	151550.0
	56568.0	150527.0
	61454.0	147882.0
	64426.0	147151.0
	64594.0	147037.0
	66108.0	145863.0
	67106.0	145423.0
	68588.0	142096.0
	70144.0	141717.0
	72212.0	137973.0
	75500.0	137177.0
	75750.0	136984.0
	80046.0	136959.0
	91252.0	131753.0
	102504.0	127485.0
	103292.0	126766.0


	43288.0	168074.7142857143
	43666.0	167902.7142857143
	43672.0	164444.0
	44050.0	164272.0
	46892.0	159651.0
	49272.0	156054.0
	49622.0	155783.0
	50000.0	155611.0
	50818.0	153178.0
	53052.0	153142.0
	55176.0	151821.0
	55526.0	151550.0
	56568.0	150527.0
	61454.0	147882.0
	64426.0	147151.0
	64594.0	147037.0
	66108.0	145863.0
	67106.0	145423.0
	68588.0	142096.0
	70144.0	141717.0
	72212.0	137973.0
	75500.0	137177.0
	75750.0	136984.0
	80046.0	136959.0
	91252.0	131753.0
	102504.0	127485.0
	103292.0	126766.0


	43288.0	168074.7142857143
	43666.0	167902.7142857143
	43672.0	164444.0
	44050.0	164272.0
	46892.0	159651.0
	49272.0	156054.0
	49622.0	155783.0
	50000.0	155611.0
	50818.0	153178.0
	53052.0	153142.0
	55176.0	151821.0
	55526.0	151550.0
	56568.0	150527.0
	61454.0	147882.0
	64426.0	147151.0
	64594.0	147037.0
	66108.0	145863.0
	67106.0	145423.0
	68588.0	142096.0
	70144.0	141717.0
	72212.0	137973.0
	75500.0	137177.0
	75750.0	136984.0
	80046.0	136959.0
	91252.0	131753.0
	102504.0	127485.0
	103292.0	126766.0


	43288.0	168074.7142857143
	43666.0	167902.7142857143
	43672.0	164444.0
	44050.0	164272.0
	46892.0	159651.0
	49272.0	156054.0
	49622.0	155783.0
	50000.0	155611.0
	50818.0	153178.0
	53052.0	153142.0
	55176.0	151821.0
	55526.0	151550.0
	56568.0	150527.0
	61454.0	147882.0
	64426.0	147151.0
	64594.0	147037.0
	66108.0	145863.0
	67106.0	145423.0
	68588.0	142096.0
	70130.0	137737.0
	75500.0	137177.0
	75750.0	136984.0
	80046.0	136959.0
	91252.0	131753.0
	102504.0	127485.0
	103292.0	126766.0


	43288.0	168074.7142857143
	43666.0	167902.7142857143
	43672.0	164444.0
	44050.0	164272.0
	46892.0	159651.0
	49272.0	156054.0
	49622.0	155783.0
	50000.0	155611.0
	50818.0	153178.0
	53052.0	153142.0
	55176.0	151821.0
	55526.0	151550.0
	56568.0	150527.0
	61454.0	147882.0
	64426.0	147151.0
	64594.0	147037.0
	66108.0	145863.0
	67106.0	145423.0
	68588.0	142096.0
	70130.0	137737.0
	75500.0	137177.0
	75750.0	136984.0
	80046.0	136959.0
	91252.0	131753.0
	102504.0	127485.0
	103292.0	126766.0


	43288.0	168074.7142857143
	43666.0	167902.7142857143
	43672.0	164444.0
	44050.0	164272.0
	46892.0	159651.0
	49272.0	156054.0
	49622.0	155783.0
	50000.0	155611.0
	50818.0	153178.0
	53052.0	153142.0
	55176.0	151821.0
	55526.0	151550.0
	56568.0	150527.0
	61454.0	147882.0
	64426.0	147151.0
	64594.0	147037.0
	66108.0	145863.0
	67106.0	145423.0
	68588.0	142096.0
	70130.0	137737.0
	75500.0	137177.0
	75750.0	136984.0
	80046.0	136959.0
	91252.0	131753.0
	102504.0	127485.0
	103292.0	126766.0


	43288.0	168074.7142857143
	43666.0	167902.7142857143
	43672.0	164444.0
	44050.0	164272.0
	46892.0	159651.0
	49272.0	156054.0
	49622.0	155783.0
	50000.0	155611.0
	50818.0	153178.0
	53052.0	153142.0
	55176.0	151821.0
	55526.0	151550.0
	56568.0	150527.0
	61454.0	147882.0
	64426.0	147151.0
	64594.0	147037.0
	66108.0	145863.0
	67106.0	145423.0
	68588.0	142096.0
	70130.0	137737.0
	75500.0	137177.0
	75750.0	136984.0
	80046.0	136959.0
	91252.0	131753.0
	102504.0	127485.0
	103292.0	126766.0


	43288.0	168074.7142857143
	43666.0	167902.7142857143
	43672.0	164444.0
	44050.0	164272.0
	46892.0	159651.0
	49272.0	156054.0
	49622.0	155783.0
	50000.0	155611.0
	50818.0	153178.0
	53052.0	153142.0
	55176.0	151821.0
	55526.0	151550.0
	56568.0	150527.0
	61454.0	147882.0
	64426.0	147151.0
	64594.0	147037.0
	66108.0	145863.0
	67106.0	145423.0
	68588.0	142096.0
	70130.0	137737.0
	75500.0	137177.0
	75750.0	136984.0
	80046.0	136959.0
	91252.0	131753.0
	102504.0	127485.0
	103292.0	126766.0


	43288.0	168074.7142857143
	43666.0	167902.7142857143
	43672.0	164444.0
	44050.0	164272.0
	46892.0	159651.0
	49272.0	156054.0
	49622.0	155783.0
	50000.0	155611.0
	50818.0	153178.0
	53052.0	153142.0
	55176.0	151821.0
	55526.0	151550.0
	56568.0	150527.0
	61454.0	147882.0
	64426.0	147151.0
	64594.0	147037.0
	66108.0	145863.0
	67106.0	145423.0
	68588.0	142096.0
	70130.0	137737.0
	75500.0	137177.0
	75750.0	136984.0
	80046.0	136959.0
	91252.0	131753.0
	102504.0	127485.0
	103292.0	126766.0


	43264.0	175192.0
	43288.0	168074.7142857143
	43666.0	167902.7142857143
	43672.0	164444.0
	44050.0	164272.0
	46892.0	159651.0
	49272.0	156054.0
	49622.0	155783.0
	50000.0	155611.0
	50818.0	153178.0
	53052.0	153142.0
	55176.0	151821.0
	55526.0	151550.0
	56568.0	150527.0
	61454.0	147882.0
	64426.0	147151.0
	64594.0	147037.0
	66108.0	145863.0
	67106.0	145423.0
	67268.0	145301.0
	68588.0	142096.0
	70130.0	137737.0
	75500.0	137177.0
	75750.0	136984.0
	80046.0	136959.0
	91252.0	131753.0
	102504.0	127485.0
	103292.0	126766.0


	43264.0	175192.0
	43288.0	168074.7142857143
	43666.0	167902.7142857143
	43672.0	164444.0
	44050.0	164272.0
	46892.0	159651.0
	49272.0	156054.0
	49622.0	155783.0
	50000.0	155611.0
	50818.0	153178.0
	53052.0	153142.0
	55176.0	151821.0
	55526.0	151550.0
	56568.0	150527.0
	61454.0	147882.0
	64426.0	147151.0
	64594.0	147037.0
	66108.0	145863.0
	67106.0	145423.0
	67268.0	145301.0
	68588.0	142096.0
	70130.0	137737.0
	75500.0	137177.0
	75750.0	136984.0
	80046.0	136959.0
	91252.0	131753.0
	102504.0	127485.0
	103292.0	126766.0


	43264.0	175192.0
	43288.0	168074.7142857143
	43666.0	167902.7142857143
	43672.0	164444.0
	44050.0	164272.0
	46892.0	159651.0
	49272.0	156054.0
	49622.0	155783.0
	50000.0	155611.0
	50818.0	153178.0
	53052.0	153142.0
	55176.0	151821.0
	55526.0	151550.0
	56568.0	150527.0
	61454.0	147882.0
	64426.0	147151.0
	64594.0	147037.0
	66108.0	145863.0
	67106.0	145423.0
	67268.0	145301.0
	68588.0	142096.0
	70130.0	137737.0
	75500.0	137177.0
	75750.0	136984.0
	80046.0	136959.0
	91252.0	131753.0
	102504.0	127485.0
	103292.0	126766.0


	43264.0	175192.0
	43288.0	168074.7142857143
	43666.0	167902.7142857143
	43672.0	164444.0
	44050.0	164272.0
	46892.0	159651.0
	49272.0	156054.0
	49622.0	155783.0
	50000.0	155611.0
	50818.0	153178.0
	53052.0	153142.0
	55176.0	151821.0
	55526.0	151550.0
	56568.0	150527.0
	61454.0	147882.0
	64426.0	147151.0
	64594.0	147037.0
	66108.0	145863.0
	67106.0	145423.0
	67268.0	145301.0
	68588.0	142096.0
	70130.0	137737.0
	75500.0	137177.0
	75750.0	136984.0
	80046.0	136959.0
	91252.0	131753.0
	102504.0	127485.0
	103292.0	126766.0


	43264.0	175192.0
	43288.0	168074.7142857143
	43666.0	167902.7142857143
	43672.0	164444.0
	44050.0	164272.0
	46892.0	159651.0
	49272.0	156054.0
	49622.0	155783.0
	50000.0	155611.0
	50818.0	153178.0
	53052.0	153142.0
	55176.0	151821.0
	55526.0	151550.0
	56568.0	150527.0
	61454.0	147882.0
	64426.0	147151.0
	64594.0	147037.0
	66108.0	145863.0
	67106.0	145423.0
	67268.0	145301.0
	68588.0	142096.0
	70130.0	137737.0
	75500.0	137177.0
	75750.0	136984.0
	80046.0	136959.0
	91252.0	131753.0
	102504.0	127485.0
	103292.0	126766.0


	43252.0	174903.0
	43288.0	168074.7142857143
	43666.0	167902.7142857143
	43672.0	164444.0
	44050.0	164272.0
	46892.0	159651.0
	49272.0	156054.0
	49622.0	155783.0
	50000.0	155611.0
	50818.0	153178.0
	53052.0	153142.0
	55176.0	151821.0
	55526.0	151550.0
	56568.0	150527.0
	61454.0	147882.0
	64426.0	147151.0
	64594.0	147037.0
	66108.0	145863.0
	67106.0	145423.0
	67268.0	145301.0
	68588.0	142096.0
	70130.0	137737.0
	75500.0	137177.0
	75750.0	136984.0
	80046.0	136959.0
	91252.0	131753.0
	102504.0	127485.0
	103292.0	126766.0


	43048.0	176627.0
	43252.0	174903.0
	43288.0	168074.7142857143
	43666.0	167902.7142857143
	43672.0	164444.0
	44050.0	164272.0
	46892.0	159651.0
	49272.0	156054.0
	49622.0	155783.0
	50000.0	155611.0
	50818.0	153178.0
	53052.0	153142.0
	55176.0	151821.0
	55526.0	151550.0
	56568.0	150527.0
	61454.0	147882.0
	64426.0	147151.0
	64594.0	147037.0
	66108.0	145863.0
	67106.0	145423.0
	67268.0	145301.0
	68588.0	142096.0
	70130.0	137737.0
	75500.0	137177.0
	75750.0	136984.0
	80046.0	136959.0
	91252.0	131753.0
	102504.0	127485.0
	103292.0	126766.0


	43048.0	176627.0
	43252.0	174903.0
	43288.0	168074.7142857143
	43666.0	167902.7142857143
	43672.0	164444.0
	44050.0	164272.0
	46892.0	159651.0
	49272.0	156054.0
	49622.0	155783.0
	50000.0	155611.0
	50818.0	153178.0
	53052.0	153142.0
	55176.0	151821.0
	55526.0	151550.0
	56568.0	150527.0
	61454.0	147882.0
	64426.0	147151.0
	64594.0	147037.0
	66108.0	145863.0
	67106.0	145423.0
	67268.0	145301.0
	68588.0	142096.0
	70130.0	137737.0
	75500.0	137177.0
	75750.0	136984.0
	80046.0	136959.0
	91252.0	131753.0
	102504.0	127485.0
	103292.0	126766.0


	43048.0	176627.0
	43252.0	174903.0
	43288.0	168074.7142857143
	43666.0	167902.7142857143
	43672.0	164444.0
	44050.0	164272.0
	45798.0	162574.0
	46892.0	159651.0
	49272.0	156054.0
	49622.0	155783.0
	50000.0	155611.0
	50818.0	153178.0
	53052.0	153142.0
	55176.0	151821.0
	55526.0	151550.0
	56568.0	150527.0
	61454.0	147882.0
	64426.0	147151.0
	64594.0	147037.0
	66108.0	145863.0
	67106.0	145423.0
	67268.0	145301.0
	68588.0	142096.0
	70130.0	137737.0
	75500.0	137177.0
	75750.0	136984.0
	80046.0	136959.0
	91252.0	131753.0
	102504.0	127485.0
	103292.0	126766.0


	43048.0	176627.0
	43252.0	174903.0
	43288.0	168074.7142857143
	43666.0	167902.7142857143
	43672.0	164444.0
	44050.0	164272.0
	45798.0	162574.0
	46892.0	159651.0
	49272.0	156054.0
	49622.0	155783.0
	50000.0	155611.0
	50818.0	153178.0
	53052.0	153142.0
	55176.0	151821.0
	55526.0	151550.0
	56568.0	150527.0
	61454.0	147882.0
	64426.0	147151.0
	64594.0	147037.0
	66108.0	145863.0
	67106.0	145423.0
	67268.0	145301.0
	68588.0	142096.0
	70130.0	137737.0
	75500.0	137177.0
	75750.0	136984.0
	80046.0	136959.0
	91252.0	131753.0
	102504.0	127485.0
	103292.0	126766.0


	43048.0	176627.0
	43252.0	174903.0
	43288.0	168074.7142857143
	43666.0	167902.7142857143
	43672.0	164444.0
	44050.0	164272.0
	45798.0	162574.0
	46892.0	159651.0
	49272.0	156054.0
	49622.0	155783.0
	50000.0	155611.0
	50818.0	153178.0
	53052.0	153142.0
	55176.0	151821.0
	55526.0	151550.0
	56568.0	150527.0
	61454.0	147882.0
	64426.0	147151.0
	64594.0	147037.0
	66108.0	145863.0
	67106.0	145423.0
	67268.0	145301.0
	68588.0	142096.0
	70130.0	137737.0
	75500.0	137177.0
	75750.0	136984.0
	80046.0	136959.0
	91252.0	131753.0
	102504.0	127485.0
	103292.0	126766.0


	43048.0	176627.0
	43252.0	174903.0
	43288.0	168074.7142857143
	43666.0	167902.7142857143
	43672.0	164444.0
	44050.0	164272.0
	45798.0	162574.0
	46892.0	159651.0
	49272.0	156054.0
	49622.0	155783.0
	50000.0	155611.0
	50818.0	153178.0
	53052.0	153142.0
	55176.0	151821.0
	55526.0	151550.0
	56568.0	150527.0
	61454.0	147882.0
	64426.0	147151.0
	64594.0	147037.0
	66108.0	145863.0
	67106.0	145423.0
	67268.0	145301.0
	68588.0	142096.0
	70130.0	137737.0
	75500.0	137177.0
	75750.0	136984.0
	80046.0	136959.0
	91252.0	131753.0
	102504.0	127485.0
	103292.0	126766.0


	43048.0	176627.0
	43252.0	174903.0
	43288.0	168074.7142857143
	43666.0	167902.7142857143
	43672.0	164444.0
	44050.0	164272.0
	45798.0	162574.0
	46892.0	159651.0
	49272.0	156054.0
	49622.0	155783.0
	50000.0	155611.0
	50818.0	153178.0
	53052.0	153142.0
	55176.0	151821.0
	55526.0	151550.0
	56568.0	150527.0
	61454.0	147882.0
	64426.0	147151.0
	64594.0	147037.0
	66108.0	145863.0
	67106.0	145423.0
	67268.0	145301.0
	68588.0	142096.0
	70130.0	137737.0
	75500.0	137177.0
	75750.0	136984.0
	80046.0	136959.0
	91252.0	131753.0
	102504.0	127485.0
	103292.0	126766.0


	43048.0	176627.0
	43252.0	174903.0
	43288.0	168074.7142857143
	43666.0	167902.7142857143
	43672.0	164444.0
	44050.0	164272.0
	45798.0	162574.0
	46892.0	159651.0
	49272.0	156054.0
	49622.0	155783.0
	50000.0	155611.0
	50818.0	153178.0
	53052.0	153142.0
	55176.0	151821.0
	55526.0	151550.0
	56568.0	150527.0
	61454.0	147882.0
	64426.0	147151.0
	64594.0	147037.0
	66108.0	145863.0
	67106.0	145423.0
	67268.0	145301.0
	68588.0	142096.0
	70130.0	137737.0
	75500.0	137177.0
	75750.0	136984.0
	80046.0	136959.0
	91252.0	131753.0
	102504.0	127485.0
	103292.0	126766.0


	43048.0	176627.0
	43252.0	174903.0
	43288.0	168074.7142857143
	43666.0	167902.7142857143
	43672.0	164444.0
	44050.0	164272.0
	45798.0	162574.0
	46892.0	159651.0
	49272.0	156054.0
	49622.0	155783.0
	50000.0	155611.0
	50818.0	153178.0
	53052.0	153142.0
	55176.0	151821.0
	55526.0	151550.0
	56568.0	150527.0
	61454.0	147882.0
	64426.0	147151.0
	64594.0	147037.0
	66108.0	145863.0
	67106.0	145423.0
	67268.0	145301.0
	68588.0	142096.0
	70130.0	137737.0
	75500.0	137177.0
	75750.0	136984.0
	80046.0	136959.0
	91252.0	131753.0
	102504.0	127485.0
	103292.0	126766.0


	43048.0	176627.0
	43252.0	174903.0
	43288.0	168074.7142857143
	43666.0	167902.7142857143
	43672.0	164444.0
	44050.0	164272.0
	45798.0	162574.0
	46892.0	159651.0
	49272.0	156054.0
	49622.0	155783.0
	50000.0	155611.0
	50818.0	153178.0
	53052.0	153142.0
	55176.0	151821.0
	55526.0	151550.0
	56568.0	150527.0
	61454.0	147882.0
	64426.0	147151.0
	64594.0	147037.0
	66108.0	145863.0
	67106.0	145423.0
	67268.0	145301.0
	68588.0	142096.0
	70130.0	137737.0
	75500.0	137177.0
	75750.0	136984.0
	80046.0	136959.0
	91252.0	131753.0
	102504.0	127485.0
	103292.0	126766.0


	43048.0	176627.0
	43252.0	174903.0
	43288.0	168074.7142857143
	43666.0	167902.7142857143
	43672.0	164444.0
	44050.0	164272.0
	45798.0	162574.0
	46892.0	159651.0
	49272.0	156054.0
	49622.0	155783.0
	50000.0	155611.0
	50818.0	153178.0
	53052.0	153142.0
	55176.0	151821.0
	55526.0	151550.0
	56568.0	150527.0
	61454.0	147882.0
	64426.0	147151.0
	64594.0	147037.0
	66108.0	145863.0
	67106.0	145423.0
	67268.0	145301.0
	68588.0	142096.0
	70130.0	137737.0
	75500.0	137177.0
	75750.0	136984.0
	80046.0	136959.0
	91252.0	131753.0
	102504.0	127485.0
	103292.0	126766.0


	43048.0	176627.0
	43252.0	174903.0
	43288.0	168074.7142857143
	43666.0	167902.7142857143
	43672.0	164444.0
	44050.0	164272.0
	45798.0	162574.0
	46892.0	159651.0
	49272.0	156054.0
	49622.0	155783.0
	50000.0	155611.0
	50818.0	153178.0
	53052.0	153142.0
	55176.0	151821.0
	55526.0	151550.0
	56568.0	150527.0
	61454.0	147882.0
	64426.0	147151.0
	64594.0	147037.0
	66108.0	145863.0
	67106.0	145423.0
	67268.0	145301.0
	68588.0	142096.0
	70130.0	137737.0
	75500.0	137177.0
	75750.0	136984.0
	80046.0	136959.0
	91252.0	131753.0
	102504.0	127485.0
	103292.0	126766.0


	43048.0	176627.0
	43252.0	174903.0
	43288.0	168074.7142857143
	43666.0	167902.7142857143
	43672.0	164444.0
	44050.0	164272.0
	45798.0	162574.0
	46892.0	159651.0
	49272.0	156054.0
	49622.0	155783.0
	50000.0	155611.0
	50818.0	153178.0
	53052.0	153142.0
	55176.0	151821.0
	55526.0	151550.0
	56568.0	150527.0
	61454.0	147882.0
	64426.0	147151.0
	64594.0	147037.0
	66108.0	145863.0
	67106.0	145423.0
	67268.0	145301.0
	68588.0	142096.0
	70130.0	137737.0
	75500.0	137177.0
	75750.0	136984.0
	80046.0	136959.0
	91252.0	131753.0
	102504.0	127485.0
	103292.0	126766.0


	43048.0	176627.0
	43252.0	174903.0
	43288.0	168074.7142857143
	43666.0	167902.7142857143
	43672.0	164444.0
	44050.0	164272.0
	45798.0	162574.0
	46892.0	159651.0
	49272.0	156054.0
	49622.0	155783.0
	50000.0	155611.0
	50818.0	153178.0
	53052.0	153142.0
	55176.0	151821.0
	55526.0	151550.0
	56568.0	150527.0
	61454.0	147882.0
	64426.0	147151.0
	64594.0	147037.0
	66108.0	145863.0
	67106.0	145423.0
	67268.0	145301.0
	68588.0	142096.0
	70130.0	137737.0
	75500.0	137177.0
	75750.0	136984.0
	80046.0	136959.0
	91252.0	131753.0
	102504.0	127485.0
	103292.0	126766.0


	43048.0	176627.0
	43252.0	174903.0
	43288.0	168074.7142857143
	43666.0	167902.7142857143
	43672.0	164444.0
	44050.0	164272.0
	45798.0	162574.0
	46892.0	159651.0
	49272.0	156054.0
	49622.0	155783.0
	50000.0	155611.0
	50818.0	153178.0
	53052.0	153142.0
	55176.0	151821.0
	55526.0	151550.0
	56568.0	150527.0
	61454.0	147882.0
	64426.0	147151.0
	64594.0	147037.0
	66108.0	145863.0
	67106.0	145423.0
	67268.0	145301.0
	68588.0	142096.0
	70130.0	137737.0
	75500.0	137177.0
	75750.0	136984.0
	80046.0	136959.0
	91252.0	131753.0
	102504.0	127485.0
	103292.0	126766.0


	43048.0	176627.0
	43252.0	174903.0
	43288.0	168074.7142857143
	43666.0	167902.7142857143
	43672.0	164444.0
	44050.0	164272.0
	45798.0	162574.0
	46892.0	159651.0
	49272.0	156054.0
	49622.0	155783.0
	50000.0	155611.0
	50818.0	153178.0
	53052.0	153142.0
	55176.0	151821.0
	55526.0	151550.0
	56568.0	150527.0
	61454.0	147882.0
	64426.0	147151.0
	64594.0	147037.0
	66108.0	145863.0
	67106.0	145423.0
	67268.0	145301.0
	68588.0	142096.0
	70130.0	137737.0
	75500.0	137177.0
	75750.0	136984.0
	80046.0	136959.0
	91252.0	131753.0
	102504.0	127485.0
	103292.0	126766.0


	43048.0	176627.0
	43252.0	174903.0
	43288.0	168074.7142857143
	43666.0	167902.7142857143
	43672.0	164444.0
	44050.0	164272.0
	45798.0	162574.0
	46892.0	159651.0
	49272.0	156054.0
	49622.0	155783.0
	50000.0	155611.0
	50818.0	153178.0
	53052.0	153142.0
	55176.0	151821.0
	55526.0	151550.0
	56568.0	150527.0
	61454.0	147882.0
	64426.0	147151.0
	64594.0	147037.0
	66108.0	145863.0
	67106.0	145423.0
	67268.0	145301.0
	68588.0	142096.0
	70130.0	137737.0
	75500.0	137177.0
	75750.0	136984.0
	80046.0	136959.0
	91252.0	131753.0
	102504.0	127485.0
	103292.0	126766.0


	43048.0	176627.0
	43252.0	174903.0
	43288.0	168074.7142857143
	43666.0	167902.7142857143
	43672.0	164444.0
	44050.0	164272.0
	45798.0	162574.0
	46892.0	159651.0
	49272.0	156054.0
	49622.0	155783.0
	50000.0	155611.0
	50818.0	153178.0
	53052.0	153142.0
	55176.0	151821.0
	55526.0	151550.0
	56568.0	150527.0
	61454.0	147882.0
	64426.0	147151.0
	64594.0	147037.0
	66108.0	145863.0
	67106.0	145423.0
	67268.0	145301.0
	68588.0	142096.0
	70130.0	137737.0
	75500.0	137177.0
	75750.0	136984.0
	80046.0	136959.0
	91252.0	131753.0
	102504.0	127485.0
	103292.0	126766.0


	43048.0	176627.0
	43252.0	174903.0
	43288.0	168074.7142857143
	43666.0	167902.7142857143
	43672.0	164444.0
	44050.0	164272.0
	45798.0	162574.0
	46892.0	159651.0
	49272.0	156054.0
	49622.0	155783.0
	50000.0	155611.0
	50818.0	153178.0
	53052.0	153142.0
	55176.0	151821.0
	55526.0	151550.0
	56568.0	150527.0
	61454.0	147882.0
	64426.0	147151.0
	64594.0	147037.0
	66108.0	145863.0
	67106.0	145423.0
	67268.0	145301.0
	68588.0	142096.0
	70130.0	137737.0
	75500.0	137177.0
	75750.0	136984.0
	80046.0	136959.0
	91252.0	131753.0
	102504.0	127485.0
	103292.0	126766.0


	43048.0	176627.0
	43252.0	174903.0
	43288.0	168074.7142857143
	43666.0	167902.7142857143
	43672.0	164444.0
	44050.0	164272.0
	45798.0	162574.0
	46892.0	159651.0
	49272.0	156054.0
	49622.0	155783.0
	50000.0	155611.0
	50818.0	153178.0
	53052.0	153142.0
	55176.0	151821.0
	55526.0	151550.0
	56568.0	150527.0
	61454.0	147882.0
	64426.0	147151.0
	64594.0	147037.0
	66108.0	145863.0
	67106.0	145423.0
	67268.0	145301.0
	68588.0	142096.0
	70130.0	137737.0
	75500.0	137177.0
	75750.0	136984.0
	80046.0	136959.0
	91252.0	131753.0
	102504.0	127485.0
	103292.0	126766.0


	41892.0	180059.0
	43048.0	176627.0
	43252.0	174903.0
	43288.0	168074.7142857143
	43666.0	167902.7142857143
	43672.0	164444.0
	44050.0	164272.0
	45798.0	162574.0
	46892.0	159651.0
	49272.0	156054.0
	49622.0	155783.0
	50000.0	155611.0
	50818.0	153178.0
	53052.0	153142.0
	55176.0	151821.0
	55526.0	151550.0
	56568.0	150527.0
	61454.0	147882.0
	64426.0	147151.0
	64594.0	147037.0
	66108.0	145863.0
	67106.0	145423.0
	67268.0	145301.0
	68588.0	142096.0
	70130.0	137737.0
	75500.0	137177.0
	75750.0	136984.0
	80046.0	136959.0
	91252.0	131753.0
	102504.0	127485.0
	103292.0	126766.0


	41892.0	180059.0
	43048.0	176627.0
	43252.0	174903.0
	43288.0	168074.7142857143
	43666.0	167902.7142857143
	43672.0	164444.0
	44050.0	164272.0
	45798.0	162574.0
	46892.0	159651.0
	49272.0	156054.0
	49622.0	155783.0
	50000.0	155611.0
	50818.0	153178.0
	53052.0	153142.0
	55176.0	151821.0
	55526.0	151550.0
	56568.0	150527.0
	61454.0	147882.0
	64426.0	147151.0
	64594.0	147037.0
	66108.0	145863.0
	67106.0	145423.0
	67268.0	145301.0
	68588.0	142096.0
	70130.0	137737.0
	75500.0	137177.0
	75750.0	136984.0
	80046.0	136959.0
	91252.0	131753.0
	102504.0	127485.0
	103292.0	126766.0


	41892.0	180059.0
	43008.0	177501.0
	43048.0	176627.0
	43252.0	174903.0
	43288.0	168074.7142857143
	43666.0	167902.7142857143
	43672.0	164444.0
	44050.0	164272.0
	45798.0	162574.0
	46892.0	159651.0
	49188.0	156786.0
	49272.0	156054.0
	49622.0	155783.0
	50000.0	155611.0
	50818.0	153178.0
	53052.0	153142.0
	55176.0	151821.0
	55526.0	151550.0
	56568.0	150527.0
	61454.0	147882.0
	64426.0	147151.0
	64594.0	147037.0
	66108.0	145863.0
	67106.0	145423.0
	67268.0	145301.0
	68588.0	142096.0
	70130.0	137737.0
	75500.0	137177.0
	75750.0	136984.0
	80046.0	136959.0
	91252.0	131753.0
	102504.0	127485.0
	103292.0	126766.0


	41892.0	180059.0
	43008.0	177501.0
	43048.0	176627.0
	43252.0	174903.0
	43288.0	168074.7142857143
	43666.0	167902.7142857143
	43672.0	164444.0
	44050.0	164272.0
	45798.0	162574.0
	46892.0	159651.0
	49188.0	156786.0
	49272.0	156054.0
	49622.0	155783.0
	50000.0	155611.0
	50818.0	153178.0
	53052.0	153142.0
	55176.0	151821.0
	55526.0	151550.0
	56568.0	150527.0
	61454.0	147882.0
	64426.0	147151.0
	64594.0	147037.0
	66108.0	145863.0
	67106.0	145423.0
	67268.0	145301.0
	68588.0	142096.0
	70130.0	137737.0
	75500.0	137177.0
	75750.0	136984.0
	80046.0	136959.0
	91252.0	131753.0
	102504.0	127485.0
	103292.0	126766.0


	41892.0	180059.0
	43008.0	177501.0
	43048.0	176627.0
	43252.0	174903.0
	43288.0	168074.7142857143
	43666.0	167902.7142857143
	43672.0	164444.0
	44050.0	164272.0
	45798.0	162574.0
	46892.0	159651.0
	49188.0	156786.0
	49272.0	156054.0
	49622.0	155783.0
	50000.0	155611.0
	50818.0	153178.0
	53052.0	153142.0
	55176.0	151821.0
	55526.0	151550.0
	56568.0	150527.0
	61454.0	147882.0
	64426.0	147151.0
	64594.0	147037.0
	66108.0	145863.0
	67106.0	145423.0
	67268.0	145301.0
	68588.0	142096.0
	70130.0	137737.0
	75500.0	137177.0
	75750.0	136984.0
	80046.0	136959.0
	91252.0	131753.0
	102504.0	127485.0
	103292.0	126766.0


	41892.0	180059.0
	43008.0	177501.0
	43048.0	176627.0
	43252.0	174903.0
	43288.0	168074.7142857143
	43666.0	167902.7142857143
	43672.0	164444.0
	44050.0	164272.0
	45798.0	162574.0
	46892.0	159651.0
	49188.0	156786.0
	49272.0	156054.0
	49622.0	155783.0
	50000.0	155611.0
	50818.0	153178.0
	53052.0	153142.0
	55176.0	151821.0
	55526.0	151550.0
	56568.0	150527.0
	61454.0	147882.0
	64426.0	147151.0
	64594.0	147037.0
	66108.0	145863.0
	67106.0	145423.0
	67268.0	145301.0
	68588.0	142096.0
	70130.0	137737.0
	75500.0	137177.0
	75750.0	136984.0
	80046.0	136959.0
	91252.0	131753.0
	102504.0	127485.0
	103292.0	126766.0


	41892.0	180059.0
	43008.0	177501.0
	43048.0	176627.0
	43252.0	174903.0
	43288.0	168074.7142857143
	43666.0	167902.7142857143
	43672.0	164444.0
	44050.0	164272.0
	45798.0	162574.0
	46892.0	159651.0
	49188.0	156786.0
	49272.0	156054.0
	49622.0	155783.0
	50000.0	155611.0
	50818.0	153178.0
	53052.0	153142.0
	55176.0	151821.0
	55526.0	151550.0
	56568.0	150527.0
	61454.0	147882.0
	64426.0	147151.0
	64594.0	147037.0
	66108.0	145863.0
	67106.0	145423.0
	67268.0	145301.0
	68588.0	142096.0
	70130.0	137737.0
	75500.0	137177.0
	75750.0	136984.0
	80046.0	136959.0
	91252.0	131753.0
	102504.0	127485.0
	103292.0	126766.0


	41892.0	180059.0
	43008.0	177501.0
	43048.0	176627.0
	43252.0	174903.0
	43288.0	168074.7142857143
	43666.0	167902.7142857143
	43672.0	164444.0
	44050.0	164272.0
	45798.0	162574.0
	46892.0	159651.0
	49188.0	156786.0
	49272.0	156054.0
	49622.0	155783.0
	50000.0	155611.0
	50818.0	153178.0
	53052.0	153142.0
	55176.0	151821.0
	55526.0	151550.0
	56568.0	150527.0
	61454.0	147882.0
	64426.0	147151.0
	64594.0	147037.0
	66108.0	145863.0
	67106.0	145423.0
	67268.0	145301.0
	68588.0	142096.0
	70130.0	137737.0
	75500.0	137177.0
	75750.0	136984.0
	80046.0	136959.0
	91252.0	131753.0
	102504.0	127485.0
	103292.0	126766.0


	41892.0	180059.0
	43008.0	177501.0
	43048.0	176627.0
	43252.0	174903.0
	43288.0	168074.7142857143
	43666.0	167902.7142857143
	43672.0	164444.0
	44050.0	164272.0
	45798.0	162574.0
	46892.0	159651.0
	49188.0	156786.0
	49272.0	156054.0
	49622.0	155783.0
	50000.0	155611.0
	50818.0	153178.0
	53052.0	153142.0
	55176.0	151821.0
	55526.0	151550.0
	56568.0	150527.0
	61454.0	147882.0
	64426.0	147151.0
	64594.0	147037.0
	66108.0	145863.0
	67106.0	145423.0
	67268.0	145301.0
	68588.0	142096.0
	70130.0	137737.0
	75500.0	137177.0
	75750.0	136984.0
	80046.0	136959.0
	91252.0	131753.0
	102504.0	127485.0
	103292.0	126766.0


	41892.0	180059.0
	43008.0	177501.0
	43048.0	176627.0
	43252.0	174903.0
	43288.0	168074.7142857143
	43666.0	167902.7142857143
	43672.0	164444.0
	44050.0	164272.0
	45798.0	162574.0
	46892.0	159651.0
	49188.0	156786.0
	49272.0	156054.0
	49622.0	155783.0
	50000.0	155611.0
	50818.0	153178.0
	53052.0	153142.0
	55176.0	151821.0
	55526.0	151550.0
	56568.0	150527.0
	61454.0	147882.0
	64426.0	147151.0
	64594.0	147037.0
	66108.0	145863.0
	67106.0	145423.0
	67268.0	145301.0
	68588.0	142096.0
	70130.0	137737.0
	75500.0	137177.0
	75750.0	136984.0
	80046.0	136959.0
	91252.0	131753.0
	102504.0	127485.0
	103292.0	126766.0


	41892.0	180059.0
	43008.0	177501.0
	43048.0	176627.0
	43252.0	174903.0
	43288.0	168074.7142857143
	43666.0	167902.7142857143
	43672.0	164444.0
	44050.0	164272.0
	45798.0	162574.0
	46892.0	159651.0
	49188.0	156786.0
	49272.0	156054.0
	49622.0	155783.0
	50000.0	155611.0
	50818.0	153178.0
	53052.0	153142.0
	55176.0	151821.0
	55526.0	151550.0
	56568.0	150527.0
	61454.0	147882.0
	64426.0	147151.0
	64594.0	147037.0
	66108.0	145863.0
	67106.0	145423.0
	67268.0	145301.0
	68588.0	142096.0
	70130.0	137737.0
	75500.0	137177.0
	75750.0	136984.0
	80046.0	136959.0
	91252.0	131753.0
	102504.0	127485.0
	103292.0	126766.0


	41892.0	180059.0
	43008.0	177501.0
	43048.0	176627.0
	43252.0	174903.0
	43276.0	172913.5
	43288.0	168074.7142857143
	43666.0	167902.7142857143
	43672.0	164444.0
	44050.0	164272.0
	45798.0	162574.0
	46892.0	159651.0
	49188.0	156786.0
	49272.0	156054.0
	49622.0	155783.0
	50000.0	155611.0
	50818.0	153178.0
	53052.0	153142.0
	55176.0	151821.0
	55526.0	151550.0
	56568.0	150527.0
	61454.0	147882.0
	64426.0	147151.0
	64594.0	147037.0
	66108.0	145863.0
	67106.0	145423.0
	67268.0	145301.0
	68588.0	142096.0
	70130.0	137737.0
	75500.0	137177.0
	75750.0	136984.0
	80046.0	136959.0
	91252.0	131753.0
	102504.0	127485.0
	103292.0	126766.0


	41892.0	180059.0
	43008.0	177501.0
	43048.0	176627.0
	43252.0	174903.0
	43276.0	172913.5
	43288.0	168074.7142857143
	43666.0	167902.7142857143
	43672.0	164444.0
	44050.0	164272.0
	45798.0	162574.0
	46892.0	159651.0
	49188.0	156786.0
	49272.0	156054.0
	49622.0	155783.0
	50000.0	155611.0
	50818.0	153178.0
	53052.0	153142.0
	55176.0	151821.0
	55526.0	151550.0
	56568.0	150527.0
	61454.0	147882.0
	64426.0	147151.0
	64594.0	147037.0
	66108.0	145863.0
	67106.0	145423.0
	67268.0	145301.0
	68588.0	142096.0
	70130.0	137737.0
	75500.0	137177.0
	75750.0	136984.0
	80046.0	136959.0
	91252.0	131753.0
	102504.0	127485.0
	103292.0	126766.0


	41892.0	180059.0
	43008.0	177501.0
	43048.0	176627.0
	43252.0	174903.0
	43276.0	172913.5
	43288.0	168074.7142857143
	43666.0	167902.7142857143
	43672.0	164444.0
	44050.0	164272.0
	45798.0	162574.0
	46892.0	159651.0
	49188.0	156786.0
	49272.0	156054.0
	49622.0	155783.0
	50000.0	155611.0
	50818.0	153178.0
	53052.0	153142.0
	55176.0	151821.0
	55526.0	151550.0
	56568.0	150527.0
	61454.0	147882.0
	64426.0	147151.0
	64594.0	147037.0
	66108.0	145863.0
	67106.0	145423.0
	67268.0	145301.0
	68588.0	142096.0
	70130.0	137737.0
	75500.0	137177.0
	75750.0	136984.0
	80046.0	136959.0
	91252.0	131753.0
	102504.0	127485.0
	103292.0	126766.0


	41892.0	180059.0
	43008.0	177501.0
	43048.0	176627.0
	43252.0	174903.0
	43276.0	172913.5
	43288.0	168074.7142857143
	43666.0	167902.7142857143
	43672.0	164444.0
	44050.0	164272.0
	45798.0	162574.0
	46892.0	159651.0
	49188.0	156786.0
	49272.0	156054.0
	49622.0	155783.0
	50000.0	155611.0
	50818.0	153178.0
	53052.0	153142.0
	55176.0	151821.0
	55526.0	151550.0
	56568.0	150527.0
	61454.0	147882.0
	64426.0	147151.0
	64594.0	147037.0
	66108.0	145863.0
	67106.0	145423.0
	67268.0	145301.0
	68588.0	142096.0
	70130.0	137737.0
	75500.0	137177.0
	75750.0	136984.0
	80046.0	136959.0
	91252.0	131753.0
	102504.0	127485.0
	103292.0	126766.0


	41892.0	180059.0
	43008.0	177501.0
	43048.0	176627.0
	43252.0	174903.0
	43276.0	172913.5
	43288.0	168074.7142857143
	43666.0	167902.7142857143
	43672.0	164444.0
	44050.0	164272.0
	45798.0	162574.0
	46892.0	159651.0
	49188.0	156786.0
	49272.0	156054.0
	49622.0	155783.0
	50000.0	155611.0
	50818.0	153178.0
	53052.0	153142.0
	55176.0	151821.0
	55526.0	151550.0
	56568.0	150527.0
	61454.0	147882.0
	64426.0	147151.0
	64594.0	147037.0
	66108.0	145863.0
	67106.0	145423.0
	67268.0	145301.0
	68588.0	142096.0
	70130.0	137737.0
	75500.0	137177.0
	75750.0	136984.0
	80046.0	136959.0
	91252.0	131753.0
	102504.0	127485.0
	103292.0	126766.0


	41892.0	180059.0
	43008.0	177501.0
	43048.0	176627.0
	43252.0	174903.0
	43276.0	172913.5
	43288.0	168074.7142857143
	43666.0	167902.7142857143
	43672.0	164444.0
	44050.0	164272.0
	45798.0	162574.0
	46892.0	159651.0
	49188.0	156786.0
	49272.0	156054.0
	49622.0	155783.0
	50000.0	155611.0
	50818.0	153178.0
	53052.0	153142.0
	55176.0	151821.0
	55526.0	151550.0
	56568.0	150527.0
	61454.0	147882.0
	64426.0	147151.0
	64594.0	147037.0
	66108.0	145863.0
	67106.0	145423.0
	67268.0	145301.0
	68588.0	142096.0
	70130.0	137737.0
	75500.0	137177.0
	75750.0	136984.0
	80046.0	136959.0
	91252.0	131753.0
	102504.0	127485.0
	103292.0	126766.0


	41892.0	180059.0
	43008.0	177501.0
	43048.0	176627.0
	43252.0	174903.0
	43276.0	172913.5
	43288.0	168074.7142857143
	43666.0	167902.7142857143
	43672.0	164444.0
	44050.0	164272.0
	45798.0	162574.0
	46892.0	159651.0
	49188.0	156786.0
	49272.0	156054.0
	49622.0	155783.0
	50000.0	155611.0
	50818.0	153178.0
	53052.0	153142.0
	55176.0	151821.0
	55526.0	151550.0
	56568.0	150527.0
	61454.0	147882.0
	64426.0	147151.0
	64594.0	147037.0
	66108.0	145863.0
	67106.0	145423.0
	67268.0	145301.0
	68588.0	142096.0
	70130.0	137737.0
	75500.0	137177.0
	75750.0	136984.0
	80046.0	136959.0
	91252.0	131753.0
	102504.0	127485.0
	103292.0	126766.0


	41892.0	180059.0
	43008.0	177501.0
	43048.0	176627.0
	43252.0	174903.0
	43276.0	172913.5
	43288.0	168074.7142857143
	43666.0	167902.7142857143
	43672.0	164444.0
	44050.0	164272.0
	45798.0	162574.0
	46892.0	159651.0
	49188.0	156786.0
	49272.0	156054.0
	49622.0	155783.0
	50000.0	155611.0
	50818.0	153178.0
	53052.0	153142.0
	55176.0	151821.0
	55526.0	151550.0
	56568.0	150527.0
	61454.0	147882.0
	64426.0	147151.0
	64594.0	147037.0
	66108.0	145863.0
	67106.0	145423.0
	67268.0	145301.0
	68588.0	142096.0
	70130.0	137737.0
	75500.0	137177.0
	75750.0	136984.0
	80046.0	136959.0
	91252.0	131753.0
	102504.0	127485.0
	103292.0	126766.0


	41892.0	180059.0
	43008.0	177501.0
	43048.0	176627.0
	43252.0	174903.0
	43276.0	172913.5
	43288.0	168074.7142857143
	43666.0	167902.7142857143
	43672.0	164444.0
	44050.0	164272.0
	45798.0	162574.0
	46892.0	159651.0
	49188.0	156786.0
	49272.0	156054.0
	49622.0	155783.0
	50000.0	155611.0
	50818.0	153178.0
	53052.0	153142.0
	55176.0	151821.0
	55526.0	151550.0
	56568.0	150527.0
	61454.0	147882.0
	64426.0	147151.0
	64594.0	147037.0
	66108.0	145863.0
	67106.0	145423.0
	67268.0	145301.0
	68588.0	142096.0
	70130.0	137737.0
	75500.0	137177.0
	75750.0	136984.0
	80046.0	136959.0
	91252.0	131753.0
	102504.0	127485.0
	103292.0	126766.0


	41892.0	180059.0
	42926.0	173184.5
	43276.0	172913.5
	43288.0	168074.7142857143
	43666.0	167902.7142857143
	43672.0	164444.0
	44050.0	164272.0
	45798.0	162574.0
	46892.0	159651.0
	49188.0	156786.0
	49272.0	156054.0
	49622.0	155783.0
	50000.0	155611.0
	50818.0	153178.0
	53052.0	153142.0
	55176.0	151821.0
	55526.0	151550.0
	56568.0	150527.0
	61454.0	147882.0
	64426.0	147151.0
	64594.0	147037.0
	66108.0	145863.0
	67106.0	145423.0
	67268.0	145301.0
	68588.0	142096.0
	70130.0	137737.0
	75500.0	137177.0
	75750.0	136984.0
	80046.0	136959.0
	91252.0	131753.0
	102504.0	127485.0
	103292.0	126766.0


	41892.0	180059.0
	42926.0	173184.5
	43276.0	172913.5
	43288.0	168074.7142857143
	43666.0	167902.7142857143
	43672.0	164444.0
	44050.0	164272.0
	45798.0	162574.0
	46892.0	159651.0
	49188.0	156786.0
	49272.0	156054.0
	49622.0	155783.0
	50000.0	155611.0
	50818.0	153178.0
	53052.0	153142.0
	55176.0	151821.0
	55526.0	151550.0
	56568.0	150527.0
	61454.0	147882.0
	64426.0	147151.0
	64594.0	147037.0
	66108.0	145863.0
	67106.0	145423.0
	67268.0	145301.0
	68588.0	142096.0
	70130.0	137737.0
	75500.0	137177.0
	75750.0	136984.0
	80046.0	136959.0
	91252.0	131753.0
	102504.0	127485.0
	103292.0	126766.0


	41892.0	180059.0
	42926.0	173184.5
	43276.0	172913.5
	43288.0	168074.7142857143
	43666.0	167902.7142857143
	43672.0	164444.0
	44050.0	164272.0
	45798.0	162574.0
	46892.0	159651.0
	49188.0	156786.0
	49272.0	156054.0
	49622.0	155783.0
	50000.0	155611.0
	50818.0	153178.0
	53052.0	153142.0
	55176.0	151821.0
	55526.0	151550.0
	56568.0	150527.0
	61454.0	147882.0
	64426.0	147151.0
	64594.0	147037.0
	66108.0	145863.0
	67106.0	145423.0
	67268.0	145301.0
	68588.0	142096.0
	70130.0	137737.0
	75500.0	137177.0
	75750.0	136984.0
	80046.0	136959.0
	91252.0	131753.0
	102504.0	127485.0
	103292.0	126766.0


	41892.0	180059.0
	42926.0	173184.5
	43276.0	172913.5
	43288.0	168074.7142857143
	43666.0	167902.7142857143
	43672.0	164444.0
	44050.0	164272.0
	45798.0	162574.0
	46892.0	159651.0
	49188.0	156786.0
	49272.0	156054.0
	49622.0	155783.0
	50000.0	155611.0
	50818.0	153178.0
	53052.0	153142.0
	55176.0	151821.0
	55526.0	151550.0
	56568.0	150527.0
	61454.0	147882.0
	64426.0	147151.0
	64594.0	147037.0
	66108.0	145863.0
	67106.0	145423.0
	67268.0	145301.0
	68588.0	142096.0
	70130.0	137737.0
	75500.0	137177.0
	75750.0	136984.0
	80046.0	136959.0
	91252.0	131753.0
	102504.0	127485.0
	103292.0	126766.0


	41892.0	180059.0
	42926.0	173184.5
	43276.0	172913.5
	43288.0	168074.7142857143
	43666.0	167902.7142857143
	43672.0	164444.0
	44050.0	164272.0
	45798.0	162574.0
	46892.0	159651.0
	49188.0	156786.0
	49272.0	156054.0
	49622.0	155783.0
	50000.0	155611.0
	50818.0	153178.0
	53052.0	153142.0
	55176.0	151821.0
	55526.0	151550.0
	56568.0	150527.0
	61454.0	147882.0
	64426.0	147151.0
	64594.0	147037.0
	66108.0	145863.0
	67106.0	145423.0
	67268.0	145301.0
	68588.0	142096.0
	70130.0	137737.0
	75500.0	137177.0
	75750.0	136984.0
	80046.0	136959.0
	91252.0	131753.0
	102504.0	127485.0
	103292.0	126766.0


	41892.0	180059.0
	42926.0	173184.5
	43276.0	172913.5
	43288.0	168074.7142857143
	43666.0	167902.7142857143
	43672.0	164444.0
	44050.0	164272.0
	45798.0	162574.0
	46892.0	159651.0
	49188.0	156786.0
	49272.0	156054.0
	49622.0	155783.0
	50000.0	155611.0
	50818.0	153178.0
	53052.0	153142.0
	55176.0	151821.0
	55526.0	151550.0
	56568.0	150527.0
	61454.0	147882.0
	64426.0	147151.0
	64594.0	147037.0
	66108.0	145863.0
	67106.0	145423.0
	67268.0	145301.0
	68588.0	142096.0
	70130.0	137737.0
	75500.0	137177.0
	75750.0	136984.0
	80046.0	136959.0
	91252.0	131753.0
	102504.0	127485.0
	103292.0	126766.0


	41892.0	180059.0
	42926.0	173184.5
	43276.0	172913.5
	43288.0	168074.7142857143
	43666.0	167902.7142857143
	43672.0	164444.0
	44050.0	164272.0
	45798.0	162574.0
	46892.0	159651.0
	49188.0	156786.0
	49272.0	156054.0
	49622.0	155783.0
	50000.0	155611.0
	50818.0	153178.0
	53052.0	153142.0
	55176.0	151821.0
	55526.0	151550.0
	56568.0	150527.0
	61454.0	147882.0
	64426.0	147151.0
	64594.0	147037.0
	66108.0	145863.0
	67106.0	145423.0
	67268.0	145301.0
	68588.0	142096.0
	70130.0	137737.0
	75500.0	137177.0
	75750.0	136984.0
	80046.0	136959.0
	91252.0	131753.0
	102504.0	127485.0
	103292.0	126766.0


	41536.0	177787.0
	42926.0	173184.5
	43276.0	172913.5
	43288.0	168074.7142857143
	43666.0	167902.7142857143
	43672.0	164444.0
	44050.0	164272.0
	45798.0	162574.0
	46892.0	159651.0
	49188.0	156786.0
	49272.0	156054.0
	49622.0	155783.0
	50000.0	155611.0
	50818.0	153178.0
	53052.0	153142.0
	55176.0	151821.0
	55526.0	151550.0
	56568.0	150527.0
	61454.0	147882.0
	64426.0	147151.0
	64594.0	147037.0
	66108.0	145863.0
	67106.0	145423.0
	67268.0	145301.0
	68588.0	142096.0
	70130.0	137737.0
	75500.0	137177.0
	75750.0	136984.0
	80046.0	136959.0
	91252.0	131753.0
	102504.0	127485.0
	103292.0	126766.0


	41536.0	177787.0
	42926.0	173184.5
	43276.0	172913.5
	43288.0	168074.7142857143
	43666.0	167902.7142857143
	43672.0	164444.0
	44050.0	164272.0
	45798.0	162574.0
	46892.0	159651.0
	49188.0	156786.0
	49272.0	156054.0
	49622.0	155783.0
	50000.0	155611.0
	50818.0	153178.0
	53052.0	153142.0
	55176.0	151821.0
	55526.0	151550.0
	56568.0	150527.0
	61454.0	147882.0
	64426.0	147151.0
	64594.0	147037.0
	65650.0	145546.0
	67106.0	145423.0
	67268.0	145301.0
	68588.0	142096.0
	70130.0	137737.0
	75500.0	137177.0
	75750.0	136984.0
	80046.0	136959.0
	91252.0	131753.0
	102504.0	127485.0
	103292.0	126766.0


	41536.0	177787.0
	42926.0	173184.5
	43276.0	172913.5
	43288.0	168074.7142857143
	43666.0	167902.7142857143
	43672.0	164444.0
	44050.0	164272.0
	45798.0	162574.0
	46892.0	159651.0
	49188.0	156786.0
	49272.0	156054.0
	49622.0	155783.0
	50000.0	155611.0
	50818.0	153178.0
	53052.0	153142.0
	55176.0	151821.0
	55526.0	151550.0
	56568.0	150527.0
	61454.0	147882.0
	64426.0	147151.0
	64594.0	147037.0
	65650.0	145546.0
	67106.0	145423.0
	67268.0	145301.0
	68588.0	142096.0
	70130.0	137737.0
	75500.0	137177.0
	75750.0	136984.0
	80046.0	136959.0
	91252.0	131753.0
	102504.0	127485.0
	103292.0	126766.0


	41536.0	177787.0
	42926.0	173184.5
	43276.0	172913.5
	43288.0	168074.7142857143
	43666.0	167902.7142857143
	43672.0	164444.0
	44050.0	164272.0
	45798.0	162574.0
	46892.0	159651.0
	49188.0	156786.0
	49272.0	156054.0
	49622.0	155783.0
	50000.0	155611.0
	50818.0	153178.0
	53052.0	153142.0
	55176.0	151821.0
	55526.0	151550.0
	56568.0	150527.0
	61454.0	147882.0
	64426.0	147151.0
	64594.0	147037.0
	65650.0	145546.0
	67106.0	145423.0
	67268.0	145301.0
	68588.0	142096.0
	70130.0	137737.0
	75500.0	137177.0
	75750.0	136984.0
	80046.0	136959.0
	91252.0	131753.0
	102504.0	127485.0
	103292.0	126766.0


	41536.0	177787.0
	42926.0	173184.5
	43276.0	172913.5
	43288.0	168074.7142857143
	43666.0	167902.7142857143
	43672.0	164444.0
	44050.0	164272.0
	45798.0	162574.0
	46892.0	159651.0
	49188.0	156786.0
	49272.0	156054.0
	49622.0	155783.0
	50000.0	155611.0
	50818.0	153178.0
	53052.0	153142.0
	55176.0	151821.0
	55526.0	151550.0
	56568.0	150527.0
	61454.0	147882.0
	64426.0	147151.0
	64594.0	147037.0
	65650.0	145546.0
	67106.0	145423.0
	67268.0	145301.0
	68588.0	142096.0
	70130.0	137737.0
	75500.0	137177.0
	75750.0	136984.0
	80046.0	136959.0
	91252.0	131753.0
	102504.0	127485.0
	103292.0	126766.0


	41536.0	177787.0
	42926.0	173184.5
	43276.0	172913.5
	43288.0	168074.7142857143
	43666.0	167902.7142857143
	43672.0	164444.0
	44050.0	164272.0
	45798.0	162574.0
	46892.0	159651.0
	49188.0	156786.0
	49272.0	156054.0
	49622.0	155783.0
	50000.0	155611.0
	50818.0	153178.0
	53052.0	153142.0
	55176.0	151821.0
	55526.0	151550.0
	56568.0	150527.0
	61454.0	147882.0
	64426.0	147151.0
	64594.0	147037.0
	65650.0	145546.0
	67106.0	145423.0
	67268.0	145301.0
	68588.0	142096.0
	70130.0	137737.0
	75500.0	137177.0
	75750.0	136984.0
	80046.0	136959.0
	91252.0	131753.0
	102504.0	127485.0
	103292.0	126766.0


	41536.0	177787.0
	42926.0	173184.5
	43276.0	172913.5
	43288.0	168074.7142857143
	43666.0	167902.7142857143
	43672.0	164444.0
	44050.0	164272.0
	45798.0	162574.0
	46892.0	159651.0
	49188.0	156786.0
	49272.0	156054.0
	49622.0	155783.0
	50000.0	155611.0
	50818.0	153178.0
	53052.0	153142.0
	55176.0	151821.0
	55526.0	151550.0
	56568.0	150527.0
	61454.0	147882.0
	64426.0	147151.0
	64594.0	147037.0
	65650.0	145546.0
	67106.0	145423.0
	67268.0	145301.0
	68588.0	142096.0
	70130.0	137737.0
	75500.0	137177.0
	75750.0	136984.0
	80046.0	136959.0
	91252.0	131753.0
	102504.0	127485.0
	103292.0	126766.0


	41536.0	177787.0
	42926.0	173184.5
	43276.0	172913.5
	43288.0	168074.7142857143
	43666.0	167902.7142857143
	43672.0	164444.0
	44050.0	164272.0
	45798.0	162574.0
	46892.0	159651.0
	49188.0	156786.0
	49272.0	156054.0
	49622.0	155783.0
	50000.0	155611.0
	50818.0	153178.0
	53052.0	153142.0
	55176.0	151821.0
	55526.0	151550.0
	56568.0	150527.0
	61454.0	147882.0
	64426.0	147151.0
	64594.0	147037.0
	65650.0	145546.0
	67106.0	145423.0
	67268.0	145301.0
	68588.0	142096.0
	70130.0	137737.0
	75500.0	137177.0
	75750.0	136984.0
	80046.0	136959.0
	91252.0	131753.0
	102504.0	127485.0
	103292.0	126766.0


	41536.0	177787.0
	42926.0	173184.5
	43276.0	172913.5
	43288.0	168074.7142857143
	43360.0	164839.0
	43672.0	164444.0
	44050.0	164272.0
	45798.0	162574.0
	46892.0	159651.0
	49188.0	156786.0
	49272.0	156054.0
	49622.0	155783.0
	50000.0	155611.0
	50818.0	153178.0
	53052.0	153142.0
	55176.0	151821.0
	55526.0	151550.0
	56568.0	150527.0
	61454.0	147882.0
	64426.0	147151.0
	64594.0	147037.0
	65650.0	145546.0
	67106.0	145423.0
	67268.0	145301.0
	68588.0	142096.0
	70130.0	137737.0
	75500.0	137177.0
	75750.0	136984.0
	80046.0	136959.0
	91252.0	131753.0
	102504.0	127485.0
	103292.0	126766.0


	41536.0	177787.0
	42926.0	173184.5
	43276.0	172913.5
	43288.0	168074.7142857143
	43360.0	164839.0
	43672.0	164444.0
	44050.0	164272.0
	45798.0	162574.0
	46892.0	159651.0
	49188.0	156786.0
	49272.0	156054.0
	49622.0	155783.0
	50000.0	155611.0
	50818.0	153178.0
	53052.0	153142.0
	55176.0	151821.0
	55526.0	151550.0
	56568.0	150527.0
	61454.0	147882.0
	64426.0	147151.0
	64594.0	147037.0
	65650.0	145546.0
	67106.0	145423.0
	67268.0	145301.0
	68588.0	142096.0
	70130.0	137737.0
	75500.0	137177.0
	75750.0	136984.0
	80046.0	136959.0
	91252.0	131753.0
	102504.0	127485.0
	103292.0	126766.0


	41536.0	177787.0
	42926.0	173184.5
	43276.0	172913.5
	43288.0	168074.7142857143
	43360.0	164839.0
	43672.0	164444.0
	44050.0	164272.0
	45798.0	162574.0
	46892.0	159651.0
	49188.0	156786.0
	49272.0	156054.0
	49622.0	155783.0
	50000.0	155611.0
	50818.0	153178.0
	53052.0	153142.0
	55176.0	151821.0
	55526.0	151550.0
	56568.0	150527.0
	61454.0	147882.0
	63032.0	147861.0
	64316.0	146897.0
	65650.0	145546.0
	67106.0	145423.0
	67268.0	145301.0
	68588.0	142096.0
	70130.0	137737.0
	75500.0	137177.0
	75750.0	136984.0
	80046.0	136959.0
	91252.0	131753.0
	102504.0	127485.0
	103292.0	126766.0


