

	0.0206497	0.0018
	0.0214056	0.0012
	0.022087814285714286	0.0


	0.0192242	0.0042
	0.0193796	0.0024
	0.0202125	0.0012
	0.022087814285714286	0.0


	0.0190869	0.003
	0.0193796	0.0024
	0.0194499	0.0018
	0.0202125	0.0012
	0.022087814285714286	0.0


	0.0186011	0.0042
	0.0190869	0.003
	0.0193099	0.0024
	0.0194277	0.0018
	0.0201659	6.0E-4
	0.022087814285714286	0.0


	0.016736	0.006
	0.0173146	0.0054
	0.0177439	0.0048
	0.0181114	0.0042
	0.0190869	0.003
	0.0192158	0.0024
	0.0194277	0.0018
	0.0195495	0.0012
	0.0201659	6.0E-4
	0.021975014285714287	0.0


	0.0156135	0.0066
	0.016736	0.006
	0.0173146	0.0054
	0.0174398	0.0036
	0.0181924	0.0018
	0.0195495	0.0012
	0.0201659	6.0E-4
	0.021975014285714287	0.0


	0.0156135	0.0066
	0.0164185	0.0048
	0.0174398	0.0036
	0.0181924	0.0018
	0.0191525	0.0012
	0.0201659	6.0E-4
	0.021975014285714287	0.0


	0.0156135	0.0066
	0.0164185	0.0048
	0.0172566	0.0042
	0.0174398	0.0036
	0.0177256	0.0018
	0.0191525	0.0012
	0.0201659	6.0E-4
	0.021975014285714287	0.0


	0.0155029	0.0048
	0.0161396	0.0036
	0.0177256	0.0018
	0.0191525	0.0012
	0.0201659	6.0E-4
	0.021975014285714287	0.0


	0.0155029	0.0048
	0.0161396	0.0036
	0.0177256	0.0018
	0.0191525	0.0012
	0.0200306	6.0E-4
	0.021975014285714287	0.0


	0.0151898	0.0066
	0.0155029	0.0048
	0.0161396	0.0036
	0.0177256	0.0018
	0.0191525	0.0012
	0.0200306	6.0E-4
	0.021975014285714287	0.0


	0.0151898	0.0066
	0.0155029	0.0048
	0.0161396	0.0036
	0.0177256	0.0018
	0.0191525	0.0012
	0.0200306	6.0E-4
	0.0218399	0.0


	0.0150975	0.006
	0.0155029	0.0048
	0.0161396	0.0036
	0.0177256	0.0018
	0.0191146	0.0012
	0.0200306	6.0E-4
	0.0218399	0.0


	0.0150975	0.006
	0.0155029	0.0048
	0.0161396	0.0036
	0.0177005	0.0024
	0.0177256	0.0018
	0.0191146	0.0012
	0.0200306	6.0E-4
	0.0218399	0.0


	0.0150975	0.006
	0.0154542	0.0054
	0.0155029	0.0048
	0.0161396	0.0036
	0.0177005	0.0024
	0.0177256	0.0018
	0.0191146	0.0012
	0.0200306	6.0E-4
	0.0218399	0.0


	0.0150975	0.006
	0.0154542	0.0054
	0.0155029	0.0048
	0.0161396	0.0036
	0.0177005	0.0024
	0.0177256	0.0018
	0.0191146	0.0012
	0.0198284	6.0E-4
	0.0218399	0.0


	0.0150975	0.006
	0.0154542	0.0054
	0.0155029	0.0048
	0.0161396	0.0036
	0.0175728	0.003
	0.0177005	0.0024
	0.0177256	0.0018
	0.0187018	0.0012
	0.0198284	6.0E-4
	0.0218399	0.0


	0.0150975	0.006
	0.0154542	0.0054
	0.0155029	0.0048
	0.0161396	0.0036
	0.0175728	0.003
	0.0177005	0.0024
	0.0177256	0.0018
	0.0187018	0.0012
	0.0198284	6.0E-4
	0.0218399	0.0


	0.0145747	0.0072
	0.0150975	0.006
	0.0154542	0.0054
	0.0155029	0.0048
	0.0161396	0.0036
	0.0175728	0.003
	0.0177005	0.0024
	0.0177256	0.0018
	0.0186859	0.0012
	0.0198284	6.0E-4
	0.0218399	0.0


	0.0145747	0.0072
	0.0150863	0.0066
	0.0150975	0.006
	0.0154542	0.0054
	0.0155029	0.0048
	0.0161396	0.0036
	0.0175728	0.003
	0.0177005	0.0024
	0.0177256	0.0018
	0.0186859	0.0012
	0.0198284	6.0E-4
	0.0218399	0.0


	0.0145747	0.0072
	0.0150863	0.0066
	0.0150975	0.006
	0.0154542	0.0054
	0.0155029	0.0048
	0.0157282	0.0042
	0.0161396	0.0036
	0.0175728	0.003
	0.0177005	0.0024
	0.0177256	0.0018
	0.0186859	0.0012
	0.0198284	6.0E-4
	0.0218399	0.0


	0.0145747	0.0072
	0.0150863	0.0066
	0.0150975	0.006
	0.0154542	0.0054
	0.0155029	0.0048
	0.0157282	0.0042
	0.0161396	0.0036
	0.0168973	0.003
	0.0177005	0.0024
	0.0177256	0.0018
	0.0186859	0.0012
	0.0198284	6.0E-4
	0.0218399	0.0


	0.0145747	0.0072
	0.0150863	0.0066
	0.0150975	0.006
	0.0154542	0.0054
	0.0155029	0.0048
	0.0157282	0.0042
	0.0161396	0.0036
	0.0168973	0.003
	0.0170386	0.0024
	0.0177256	0.0018
	0.0186859	0.0012
	0.0198284	6.0E-4
	0.0218399	0.0


	0.0145747	0.0072
	0.0150863	0.0066
	0.0150975	0.006
	0.0154542	0.0054
	0.0155029	0.0048
	0.0157282	0.0042
	0.0161396	0.0036
	0.0168973	0.003
	0.0170386	0.0024
	0.0177256	0.0018
	0.0186859	0.0012
	0.0198284	6.0E-4
	0.0218399	0.0


	0.0145747	0.0072
	0.0150863	0.0066
	0.0150975	0.006
	0.0154542	0.0054
	0.0155029	0.0048
	0.0157282	0.0042
	0.0161396	0.0036
	0.0168973	0.003
	0.0170386	0.0024
	0.0177256	0.0018
	0.0186859	0.0012
	0.0198284	6.0E-4
	0.0218399	0.0


	0.0145747	0.0072
	0.0150863	0.0066
	0.0150975	0.006
	0.0154542	0.0054
	0.0155029	0.0048
	0.0157282	0.0042
	0.0161396	0.0036
	0.0168973	0.003
	0.0169302	0.0024
	0.0177256	0.0018
	0.0186859	0.0012
	0.0198284	6.0E-4
	0.0218399	0.0


	0.0145747	0.0072
	0.0150185	0.0066
	0.0150975	0.006
	0.0154542	0.0054
	0.0155029	0.0048
	0.0157282	0.0042
	0.0161396	0.0036
	0.0168973	0.003
	0.0169302	0.0024
	0.0177256	0.0018
	0.0186859	0.0012
	0.0198284	6.0E-4
	0.0218399	0.0


	0.0145747	0.0072
	0.0150185	0.0066
	0.0150975	0.006
	0.0154542	0.0054
	0.0155029	0.0048
	0.0157282	0.0042
	0.0161396	0.0036
	0.0168973	0.003
	0.0169302	0.0024
	0.0177256	0.0018
	0.0186859	0.0012
	0.0198284	6.0E-4
	0.0218399	0.0


	0.0145747	0.0072
	0.0150185	0.0066
	0.0150975	0.006
	0.0154542	0.0054
	0.0155029	0.0048
	0.0157282	0.0042
	0.0161396	0.0036
	0.0168973	0.003
	0.0169302	0.0024
	0.0177256	0.0018
	0.0186859	0.0012
	0.0198284	6.0E-4
	0.0218399	0.0


	0.0145747	0.0072
	0.0150185	0.0066
	0.0150975	0.006
	0.0154542	0.0054
	0.0155029	0.0048
	0.0157282	0.0042
	0.0161396	0.0036
	0.0168973	0.003
	0.0169302	0.0024
	0.0177256	0.0018
	0.0186859	0.0012
	0.0198284	6.0E-4
	0.0218399	0.0


	0.0145747	0.0072
	0.0149278	0.0066
	0.0150975	0.006
	0.0154542	0.0054
	0.0155029	0.0048
	0.0157282	0.0042
	0.0161396	0.0036
	0.0168973	0.003
	0.0169302	0.0024
	0.0177256	0.0018
	0.0186859	0.0012
	0.0198284	6.0E-4
	0.0218399	0.0


	0.0145747	0.0072
	0.0149278	0.0066
	0.0150975	0.006
	0.0154542	0.0054
	0.0155029	0.0048
	0.0157282	0.0042
	0.0161396	0.0036
	0.0168973	0.003
	0.0169302	0.0024
	0.0177256	0.0018
	0.0186859	0.0012
	0.0198284	6.0E-4
	0.0218399	0.0


	0.0144943	0.0066
	0.0150975	0.006
	0.0154542	0.0054
	0.0155029	0.0048
	0.0157282	0.0042
	0.0161396	0.0036
	0.0168973	0.003
	0.0169302	0.0024
	0.0177256	0.0018
	0.0186859	0.0012
	0.0198284	6.0E-4
	0.0218399	0.0


	0.0144943	0.0066
	0.0150975	0.006
	0.0154542	0.0054
	0.0155029	0.0048
	0.0157282	0.0042
	0.0161396	0.0036
	0.0168973	0.003
	0.0169302	0.0024
	0.0177256	0.0018
	0.0186859	0.0012
	0.0198284	6.0E-4
	0.0218399	0.0


	0.0144943	0.0066
	0.0150975	0.006
	0.0154542	0.0054
	0.0155029	0.0048
	0.0157282	0.0042
	0.0161396	0.0036
	0.0168973	0.003
	0.0169302	0.0024
	0.0177256	0.0018
	0.0186859	0.0012
	0.0198284	6.0E-4
	0.0218399	0.0


	0.0143704	0.0072
	0.0144943	0.0066
	0.0150975	0.006
	0.0154542	0.0054
	0.0155029	0.0048
	0.0157282	0.0042
	0.0161396	0.0036
	0.0168973	0.003
	0.0169302	0.0024
	0.0177256	0.0018
	0.0186859	0.0012
	0.0198284	6.0E-4
	0.0218399	0.0


	0.0143704	0.0072
	0.0144943	0.0066
	0.0150975	0.006
	0.0154542	0.0054
	0.0155029	0.0048
	0.0157282	0.0042
	0.0161396	0.0036
	0.0168973	0.003
	0.0169302	0.0024
	0.0177256	0.0018
	0.0186859	0.0012
	0.0198284	6.0E-4
	0.0218399	0.0


	0.0143704	0.0072
	0.0144798	0.0066
	0.0150975	0.006
	0.0154542	0.0054
	0.0155029	0.0048
	0.0157282	0.0042
	0.0161396	0.0036
	0.0168973	0.003
	0.0169302	0.0024
	0.0177256	0.0018
	0.0186859	0.0012
	0.0198284	6.0E-4
	0.0218399	0.0


	0.0143704	0.0072
	0.0144798	0.0066
	0.0150975	0.006
	0.0154542	0.0054
	0.0155029	0.0048
	0.0157282	0.0042
	0.0161396	0.0036
	0.0168973	0.003
	0.0169302	0.0024
	0.0177256	0.0018
	0.0186859	0.0012
	0.0198284	6.0E-4
	0.0218399	0.0


	0.0143284	0.0078
	0.0143704	0.0072
	0.0144798	0.0066
	0.0150975	0.006
	0.0154542	0.0054
	0.0155029	0.0048
	0.0157282	0.0042
	0.0161396	0.0036
	0.0168973	0.003
	0.0169302	0.0024
	0.0177256	0.0018
	0.0186859	0.0012
	0.0198284	6.0E-4
	0.0218399	0.0


	0.0139948	0.0072
	0.0144798	0.0066
	0.015083	0.006
	0.0154542	0.0054
	0.0155029	0.0048
	0.0157282	0.0042
	0.0161396	0.0036
	0.0168973	0.003
	0.0169302	0.0024
	0.0177256	0.0018
	0.0186859	0.0012
	0.0198284	6.0E-4
	0.0218399	0.0


	0.0139948	0.0072
	0.0144798	0.0066
	0.015083	0.006
	0.0154542	0.0054
	0.0155029	0.0048
	0.0157282	0.0042
	0.0161396	0.0036
	0.0168973	0.003
	0.0169302	0.0024
	0.0177256	0.0018
	0.0186859	0.0012
	0.0198284	6.0E-4
	0.0218399	0.0


	0.0139948	0.0072
	0.0144798	0.0066
	0.015083	0.006
	0.0154542	0.0054
	0.0155029	0.0048
	0.0157282	0.0042
	0.0161396	0.0036
	0.0167963	0.003
	0.0169302	0.0024
	0.0177256	0.0018
	0.0186859	0.0012
	0.0198284	6.0E-4
	0.0218399	0.0


	0.0139948	0.0072
	0.0144798	0.0066
	0.015083	0.006
	0.0154542	0.0054
	0.0155029	0.0048
	0.0157282	0.0042
	0.0161396	0.0036
	0.0167963	0.003
	0.0169302	0.0024
	0.0177256	0.0018
	0.0186859	0.0012
	0.0198284	6.0E-4
	0.0218399	0.0


	0.0139948	0.0072
	0.0144798	0.0066
	0.015083	0.006
	0.0154542	0.0054
	0.0155029	0.0048
	0.0157282	0.0042
	0.0161396	0.0036
	0.0167963	0.003
	0.0169302	0.0024
	0.0177256	0.0018
	0.0186859	0.0012
	0.0198284	6.0E-4
	0.0218399	0.0


	0.0139948	0.0072
	0.0144798	0.0066
	0.015083	0.006
	0.0154542	0.0054
	0.0155029	0.0048
	0.0157282	0.0042
	0.0161396	0.0036
	0.0167963	0.003
	0.0169302	0.0024
	0.0177256	0.0018
	0.0186859	0.0012
	0.0198284	6.0E-4
	0.0218399	0.0


	0.0139948	0.0072
	0.0144798	0.0066
	0.015083	0.006
	0.0154542	0.0054
	0.0155029	0.0048
	0.0157282	0.0042
	0.0161396	0.0036
	0.0167963	0.003
	0.0169302	0.0024
	0.0177256	0.0018
	0.0186859	0.0012
	0.0198284	6.0E-4
	0.0218399	0.0


	0.0139948	0.0072
	0.0144798	0.0066
	0.015083	0.006
	0.0154542	0.0054
	0.0155029	0.0048
	0.0157282	0.0042
	0.0161396	0.0036
	0.0167963	0.003
	0.0169302	0.0024
	0.0177256	0.0018
	0.0186859	0.0012
	0.0198284	6.0E-4
	0.0218399	0.0


	0.0139948	0.0072
	0.0144798	0.0066
	0.015083	0.006
	0.0154542	0.0054
	0.0155029	0.0048
	0.0157282	0.0042
	0.0161396	0.0036
	0.0167963	0.003
	0.0169302	0.0024
	0.0177256	0.0018
	0.0186859	0.0012
	0.0198284	6.0E-4
	0.0218399	0.0


	0.0139948	0.0072
	0.0144798	0.0066
	0.015083	0.006
	0.0152611	0.0054
	0.0155029	0.0048
	0.0157282	0.0042
	0.0161396	0.0036
	0.0167963	0.003
	0.0169302	0.0024
	0.0177256	0.0018
	0.0186859	0.0012
	0.0198284	6.0E-4
	0.0218399	0.0


	0.0139948	0.0072
	0.0144798	0.0066
	0.015083	0.006
	0.0152611	0.0054
	0.0155029	0.0048
	0.0157282	0.0042
	0.0161396	0.0036
	0.0167963	0.003
	0.0169302	0.0024
	0.0177256	0.0018
	0.0186859	0.0012
	0.0198284	6.0E-4
	0.0218399	0.0


	0.0139948	0.0072
	0.0144798	0.0066
	0.015083	0.006
	0.0152611	0.0054
	0.0155029	0.0048
	0.0157282	0.0042
	0.0161396	0.0036
	0.0167963	0.003
	0.0169302	0.0024
	0.0177256	0.0018
	0.0186859	0.0012
	0.0198284	6.0E-4
	0.0218399	0.0


	0.0139948	0.0072
	0.0144798	0.0066
	0.015083	0.006
	0.0152611	0.0054
	0.0155029	0.0048
	0.0157282	0.0042
	0.0161396	0.0036
	0.0167963	0.003
	0.0169302	0.0024
	0.0177256	0.0018
	0.0186859	0.0012
	0.0198284	6.0E-4
	0.0218399	0.0


	0.0139948	0.0072
	0.0144798	0.0066
	0.015083	0.006
	0.0152611	0.0054
	0.0155029	0.0048
	0.0157282	0.0042
	0.0161396	0.0036
	0.0167963	0.003
	0.0169302	0.0024
	0.0177256	0.0018
	0.0186859	0.0012
	0.0198284	6.0E-4
	0.0218399	0.0


	0.0139948	0.0072
	0.0144798	0.0066
	0.015083	0.006
	0.0152611	0.0054
	0.0155029	0.0048
	0.0157282	0.0042
	0.0161396	0.0036
	0.0167963	0.003
	0.0169302	0.0024
	0.0177256	0.0018
	0.0186859	0.0012
	0.0198284	6.0E-4
	0.0218399	0.0


	0.0139948	0.0072
	0.0144798	0.0066
	0.015083	0.006
	0.0152611	0.0054
	0.0155029	0.0048
	0.0157282	0.0042
	0.0161396	0.0036
	0.0167963	0.003
	0.0169302	0.0024
	0.0177256	0.0018
	0.0186859	0.0012
	0.0198284	6.0E-4
	0.0218399	0.0


	0.0139948	0.0072
	0.0144798	0.0066
	0.015083	0.006
	0.0152611	0.0054
	0.0155029	0.0048
	0.0157282	0.0042
	0.0161396	0.0036
	0.0167963	0.003
	0.0169302	0.0024
	0.0177256	0.0018
	0.0186859	0.0012
	0.0198284	6.0E-4
	0.0218399	0.0


	0.0139948	0.0072
	0.0144798	0.0066
	0.015083	0.006
	0.0152611	0.0054
	0.0155029	0.0048
	0.0157282	0.0042
	0.0161396	0.0036
	0.0167963	0.003
	0.0169302	0.0024
	0.0177256	0.0018
	0.0186859	0.0012
	0.0198284	6.0E-4
	0.0218399	0.0


	0.0139948	0.0072
	0.0144798	0.0066
	0.015083	0.006
	0.0152611	0.0054
	0.0155029	0.0048
	0.0157282	0.0042
	0.0161396	0.0036
	0.0167963	0.003
	0.0169302	0.0024
	0.0177256	0.0018
	0.0186859	0.0012
	0.0198284	6.0E-4
	0.0218399	0.0


	0.0139948	0.0072
	0.0144798	0.0066
	0.0148404	0.006
	0.0152611	0.0054
	0.0155029	0.0048
	0.0157282	0.0042
	0.0161396	0.0036
	0.0167963	0.003
	0.0169302	0.0024
	0.0177256	0.0018
	0.0186859	0.0012
	0.0198284	6.0E-4
	0.0218399	0.0


	0.0139948	0.0072
	0.0144798	0.0066
	0.0148404	0.006
	0.0152611	0.0054
	0.0155029	0.0048
	0.0157282	0.0042
	0.0161396	0.0036
	0.0167963	0.003
	0.0169302	0.0024
	0.0177256	0.0018
	0.0186859	0.0012
	0.0198284	6.0E-4
	0.0218399	0.0


	0.0139948	0.0072
	0.0144798	0.0066
	0.0148404	0.006
	0.0152611	0.0054
	0.0155029	0.0048
	0.0157282	0.0042
	0.0161396	0.0036
	0.0167963	0.003
	0.0169302	0.0024
	0.0177256	0.0018
	0.0186859	0.0012
	0.0198284	6.0E-4
	0.0218399	0.0


	0.0139948	0.0072
	0.0144798	0.0066
	0.0148404	0.006
	0.0152611	0.0054
	0.0155029	0.0048
	0.0157282	0.0042
	0.0161396	0.0036
	0.0167963	0.003
	0.0169302	0.0024
	0.0177256	0.0018
	0.0186859	0.0012
	0.0198284	6.0E-4
	0.0218399	0.0


	0.0139948	0.0072
	0.0144798	0.0066
	0.0148404	0.006
	0.0152611	0.0054
	0.0155029	0.0048
	0.0157282	0.0042
	0.0161396	0.0036
	0.0167963	0.003
	0.0169302	0.0024
	0.0177256	0.0018
	0.0186859	0.0012
	0.0198284	6.0E-4
	0.0218399	0.0


	0.0139948	0.0072
	0.0140817	0.0066
	0.0148404	0.006
	0.0152611	0.0054
	0.0155029	0.0048
	0.0157282	0.0042
	0.0161396	0.0036
	0.0167963	0.003
	0.0169302	0.0024
	0.0177256	0.0018
	0.0186859	0.0012
	0.0198284	6.0E-4
	0.0218399	0.0


	0.0139948	0.0072
	0.0140817	0.0066
	0.0148404	0.006
	0.0152611	0.0054
	0.0155029	0.0048
	0.0157282	0.0042
	0.0161396	0.0036
	0.0167963	0.003
	0.0169302	0.0024
	0.0177256	0.0018
	0.0186859	0.0012
	0.0198284	6.0E-4
	0.0218399	0.0


	0.0139948	0.0072
	0.0140817	0.0066
	0.0148404	0.006
	0.0152611	0.0054
	0.0155029	0.0048
	0.0157282	0.0042
	0.0161396	0.0036
	0.0167963	0.003
	0.0169302	0.0024
	0.0177256	0.0018
	0.0186859	0.0012
	0.0198284	6.0E-4
	0.0218399	0.0


	0.0139948	0.0072
	0.0140817	0.0066
	0.0148404	0.006
	0.0152611	0.0054
	0.0155029	0.0048
	0.0157282	0.0042
	0.0161396	0.0036
	0.0167963	0.003
	0.0169302	0.0024
	0.0177256	0.0018
	0.0186859	0.0012
	0.0198284	6.0E-4
	0.0218399	0.0


	0.0139948	0.0072
	0.0140817	0.0066
	0.0148404	0.006
	0.0152611	0.0054
	0.0155029	0.0048
	0.0157282	0.0042
	0.0161396	0.0036
	0.0167963	0.003
	0.0169302	0.0024
	0.0177256	0.0018
	0.0186859	0.0012
	0.0198284	6.0E-4
	0.0218399	0.0


	0.0139252	0.0072
	0.0140817	0.0066
	0.0148404	0.006
	0.0152611	0.0054
	0.0155029	0.0048
	0.0157282	0.0042
	0.0161396	0.0036
	0.0167963	0.003
	0.0169302	0.0024
	0.0177256	0.0018
	0.0186859	0.0012
	0.0198284	6.0E-4
	0.0218399	0.0


	0.0139252	0.0072
	0.0140817	0.0066
	0.0148404	0.006
	0.0152611	0.0054
	0.0155029	0.0048
	0.0157282	0.0042
	0.0161396	0.0036
	0.0167963	0.003
	0.0169302	0.0024
	0.0177256	0.0018
	0.0186859	0.0012
	0.0198284	6.0E-4
	0.0218399	0.0


	0.0139252	0.0072
	0.0140817	0.0066
	0.0148404	0.006
	0.0152611	0.0054
	0.0155029	0.0048
	0.0157282	0.0042
	0.0161396	0.0036
	0.0167963	0.003
	0.0169302	0.0024
	0.0177256	0.0018
	0.0186859	0.0012
	0.0198284	6.0E-4
	0.0218399	0.0


	0.0139252	0.0072
	0.0140817	0.0066
	0.0148404	0.006
	0.0151741	0.0054
	0.0155029	0.0048
	0.0157282	0.0042
	0.0161396	0.0036
	0.0167963	0.003
	0.0169302	0.0024
	0.0177256	0.0018
	0.0186859	0.0012
	0.0198284	6.0E-4
	0.0218399	0.0


	0.0139252	0.0072
	0.0140817	0.0066
	0.0148404	0.006
	0.0151741	0.0054
	0.0155029	0.0048
	0.0157282	0.0042
	0.0161396	0.0036
	0.0167963	0.003
	0.0169302	0.0024
	0.0177256	0.0018
	0.0186859	0.0012
	0.0198284	6.0E-4
	0.0218399	0.0


	0.0139252	0.0072
	0.0140817	0.0066
	0.0148404	0.006
	0.0151741	0.0054
	0.0155029	0.0048
	0.0157282	0.0042
	0.0161396	0.0036
	0.0167963	0.003
	0.0169302	0.0024
	0.0177256	0.0018
	0.0186859	0.0012
	0.0198284	6.0E-4
	0.0218399	0.0


	0.0139252	0.0072
	0.0140817	0.0066
	0.0146231	0.006
	0.0151741	0.0054
	0.0155029	0.0048
	0.0157282	0.0042
	0.0161396	0.0036
	0.0167963	0.003
	0.0169302	0.0024
	0.0177256	0.0018
	0.0186859	0.0012
	0.0198284	6.0E-4
	0.0217852	0.0


	0.0139252	0.0072
	0.0140817	0.0066
	0.0146231	0.006
	0.0151741	0.0054
	0.0155029	0.0048
	0.0157282	0.0042
	0.0161396	0.0036
	0.0167963	0.003
	0.0169302	0.0024
	0.0177256	0.0018
	0.0186859	0.0012
	0.0198284	6.0E-4
	0.0217852	0.0


	0.0139252	0.0072
	0.0140817	0.0066
	0.0146231	0.006
	0.0151741	0.0054
	0.0155029	0.0048
	0.0157282	0.0042
	0.0161396	0.0036
	0.0167963	0.003
	0.0169302	0.0024
	0.0177256	0.0018
	0.0186859	0.0012
	0.0198284	6.0E-4
	0.0217852	0.0


	0.0139252	0.0072
	0.0140817	0.0066
	0.0146231	0.006
	0.0151741	0.0054
	0.0155029	0.0048
	0.0157282	0.0042
	0.0161396	0.0036
	0.0167963	0.003
	0.0169302	0.0024
	0.0177256	0.0018
	0.0186859	0.0012
	0.0198284	6.0E-4
	0.0217852	0.0


	0.0139252	0.0072
	0.0140817	0.0066
	0.0146231	0.006
	0.0151741	0.0054
	0.0155029	0.0048
	0.0157282	0.0042
	0.0161396	0.0036
	0.0167963	0.003
	0.0169302	0.0024
	0.0177256	0.0018
	0.0186859	0.0012
	0.0198284	6.0E-4
	0.0217852	0.0


	0.0139252	0.0072
	0.0140817	0.0066
	0.0146231	0.006
	0.0151741	0.0054
	0.0155029	0.0048
	0.0157282	0.0042
	0.0161396	0.0036
	0.0167963	0.003
	0.0169302	0.0024
	0.0177256	0.0018
	0.0186859	0.0012
	0.0198284	6.0E-4
	0.0217852	0.0


	0.0139252	0.0072
	0.0140817	0.0066
	0.0146231	0.006
	0.0151741	0.0054
	0.0155029	0.0048
	0.0157282	0.0042
	0.0161396	0.0036
	0.0167963	0.003
	0.0169302	0.0024
	0.0177256	0.0018
	0.0186859	0.0012
	0.0198284	6.0E-4
	0.0217852	0.0


	0.0139252	0.0072
	0.0140817	0.0066
	0.0146231	0.006
	0.0151741	0.0054
	0.0155029	0.0048
	0.0157282	0.0042
	0.0161396	0.0036
	0.0167963	0.003
	0.0169302	0.0024
	0.0177256	0.0018
	0.0186859	0.0012
	0.0198284	6.0E-4
	0.0204618	0.0


	0.0139252	0.0072
	0.0140817	0.0066
	0.0146231	0.006
	0.0151741	0.0054
	0.0155029	0.0048
	0.0157282	0.0042
	0.0161396	0.0036
	0.0167963	0.003
	0.0169302	0.0024
	0.0177256	0.0018
	0.0186812	0.0012
	0.0198284	6.0E-4
	0.0204618	0.0


	0.0139252	0.0072
	0.0140817	0.0066
	0.0146231	0.006
	0.0151741	0.0054
	0.0155029	0.0048
	0.0157282	0.0042
	0.0161396	0.0036
	0.0167963	0.003
	0.0169302	0.0024
	0.0177256	0.0018
	0.0186812	0.0012
	0.0198284	6.0E-4
	0.0204618	0.0


	0.0139252	0.0072
	0.0140817	0.0066
	0.0146231	0.006
	0.0151741	0.0054
	0.0155029	0.0048
	0.0157282	0.0042
	0.0161396	0.0036
	0.0167963	0.003
	0.0169302	0.0024
	0.0177256	0.0018
	0.0186812	0.0012
	0.0196593	6.0E-4
	0.0204618	0.0


	0.0139252	0.0072
	0.0140817	0.0066
	0.0146231	0.006
	0.0151741	0.0054
	0.0155029	0.0048
	0.0157282	0.0042
	0.0161396	0.0036
	0.0167963	0.003
	0.0169302	0.0024
	0.0177256	0.0018
	0.0186812	0.0012
	0.0196593	6.0E-4
	0.0204618	0.0


	0.0139252	0.0072
	0.0140817	0.0066
	0.0146231	0.006
	0.0151741	0.0054
	0.0155029	0.0048
	0.0157282	0.0042
	0.0161396	0.0036
	0.0167963	0.003
	0.0169302	0.0024
	0.0177256	0.0018
	0.0186812	0.0012
	0.0196593	6.0E-4
	0.0204618	0.0


	0.0139252	0.0072
	0.0140817	0.0066
	0.0146231	0.006
	0.0151741	0.0054
	0.0155029	0.0048
	0.0157282	0.0042
	0.0161396	0.0036
	0.0167963	0.003
	0.0169302	0.0024
	0.0177256	0.0018
	0.0186812	0.0012
	0.0196593	6.0E-4
	0.0204618	0.0


	0.0139252	0.0072
	0.0140817	0.0066
	0.0146231	0.006
	0.0151741	0.0054
	0.0155029	0.0048
	0.0157282	0.0042
	0.0161396	0.0036
	0.0167963	0.003
	0.0169302	0.0024
	0.0177256	0.0018
	0.0186812	0.0012
	0.0196593	6.0E-4
	0.0204618	0.0


	0.0139252	0.0072
	0.0140817	0.0066
	0.0146231	0.006
	0.0151741	0.0054
	0.0155029	0.0048
	0.0157282	0.0042
	0.0161396	0.0036
	0.0167963	0.003
	0.0169302	0.0024
	0.0177256	0.0018
	0.0186812	0.0012
	0.0196593	6.0E-4
	0.0204618	0.0


	0.0139252	0.0072
	0.0140817	0.0066
	0.0146231	0.006
	0.0151741	0.0054
	0.0155029	0.0048
	0.0157282	0.0042
	0.0161396	0.0036
	0.0167963	0.003
	0.0169302	0.0024
	0.0177256	0.0018
	0.0186812	0.0012
	0.0196593	6.0E-4
	0.0204618	0.0


	0.0139252	0.0072
	0.0140817	0.0066
	0.0144119	0.006
	0.0151741	0.0054
	0.0155029	0.0048
	0.0157282	0.0042
	0.0161396	0.0036
	0.0167963	0.003
	0.0169302	0.0024
	0.0177256	0.0018
	0.0186812	0.0012
	0.0196593	6.0E-4
	0.0204618	0.0


	0.0139252	0.0072
	0.0140817	0.0066
	0.0144119	0.006
	0.0151741	0.0054
	0.0155029	0.0048
	0.0157282	0.0042
	0.0161396	0.0036
	0.0167963	0.003
	0.0169302	0.0024
	0.0177256	0.0018
	0.0186812	0.0012
	0.0196593	6.0E-4
	0.0204618	0.0


	0.0139252	0.0072
	0.0140817	0.0066
	0.0144119	0.006
	0.0151741	0.0054
	0.0155029	0.0048
	0.0157282	0.0042
	0.0161396	0.0036
	0.0167963	0.003
	0.0169302	0.0024
	0.0177256	0.0018
	0.0186812	0.0012
	0.0196593	6.0E-4
	0.0204618	0.0


	0.0139252	0.0072
	0.0140817	0.0066
	0.0144119	0.006
	0.0151741	0.0054
	0.0155029	0.0048
	0.0157282	0.0042
	0.0161396	0.0036
	0.0167963	0.003
	0.0169302	0.0024
	0.0177256	0.0018
	0.0186812	0.0012
	0.0196593	6.0E-4
	0.0204618	0.0


	0.0139252	0.0072
	0.0140817	0.0066
	0.0144119	0.006
	0.0151741	0.0054
	0.0153438	0.0048
	0.0157282	0.0042
	0.0161396	0.0036
	0.0167963	0.003
	0.0169302	0.0024
	0.0177256	0.0018
	0.0186812	0.0012
	0.0196593	6.0E-4
	0.0204618	0.0


	0.0139252	0.0072
	0.0140817	0.0066
	0.0144119	0.006
	0.0151741	0.0054
	0.0153438	0.0048
	0.0157282	0.0042
	0.0161396	0.0036
	0.0167963	0.003
	0.0169302	0.0024
	0.0177256	0.0018
	0.0186812	0.0012
	0.0196593	6.0E-4
	0.0204618	0.0


	0.0139252	0.0072
	0.0140817	0.0066
	0.0144119	0.006
	0.0151741	0.0054
	0.0153438	0.0048
	0.0157282	0.0042
	0.0161396	0.0036
	0.0167963	0.003
	0.0169302	0.0024
	0.0177256	0.0018
	0.0186812	0.0012
	0.0196593	6.0E-4
	0.0204618	0.0


	0.0139252	0.0072
	0.0140817	0.0066
	0.0144119	0.006
	0.0151741	0.0054
	0.0153438	0.0048
	0.0157282	0.0042
	0.0161396	0.0036
	0.0167963	0.003
	0.0169302	0.0024
	0.0177256	0.0018
	0.0186812	0.0012
	0.0196593	6.0E-4
	0.0204618	0.0


