

	0.0	0.0
	0.0	0.0
	0.0	0.0
	0.0	0.0


	0.0	0.0016363636363636363
	0.09331080069309261	0.0020303030303030303
	0.1871350033157208	0.001803030303030303
	0.4114060795345156	0.002712121212121212
	0.0	0.0


	0.0	0.0017051282051282052
	0.0	0.0016363636363636363
	0.12791000856706522	0.002
	0.17238425149923642	0.001358974358974359
	0.2172682236376504	0.0018974358974358973
	0.1871350033157208	0.001803030303030303
	0.2676090438410251	0.002307692307692308
	0.4573322903862629	0.0016923076923076924
	0.0	0.0


	0.0	0.0014777777777777777
	0.06689083395364358	0.0015
	0.19415282733129702	0.0014333333333333333
	0.4136913165122308	0.0012777777777777779
	0.4573322903862629	0.0016923076923076924
	0.0	0.0


	0.0	0.0014777777777777777
	0.0019988806268489644	0.0013555555555555556
	0.06689083395364358	0.0015
	0.03438074678180219	0.0015222222222222221
	0.37733535886570185	0.0015666666666666667
	0.6806055275712268	0.0015666666666666667
	0.0	0.0


	0.0	0.0014777777777777777
	0.0	0.0014555555555555556
	0.0019988806268489644	0.0013555555555555556
	0.06689083395364358	0.0015
	0.03438074678180219	0.0015222222222222221
	0.37733535886570185	0.0015666666666666667
	0.5372489072539232	0.0015666666666666667
	0.0	0.0


	0.0	0.0015888888888888888
	0.06667458714506357	0.0014
	0.10965902340501367	0.0012333333333333332
	0.03438074678180219	0.0015222222222222221
	0.37733535886570185	0.0015666666666666667
	0.5372489072539232	0.0015666666666666667
	0.0	0.0


	0.0	0.0015888888888888888
	0.06667458714506357	0.0014
	0.10965902340501367	0.0012333333333333332
	0.03438074678180219	0.0015222222222222221
	0.37733535886570185	0.0015666666666666667
	0.5372489072539232	0.0015666666666666667
	0.0	0.0


	0.0	0.0019393939393939393
	0.0	0.0015888888888888888
	0.06667458714506357	0.0014
	0.10965902340501367	0.0012333333333333332
	0.12917079616782293	0.0018636363636363635
	0.3666997026759167	0.00246969696969697
	0.37733535886570185	0.0015666666666666667
	0.5372489072539232	0.0015666666666666667
	0.7257303317759215	0.002015151515151515
	0.0	0.0


	0.0	0.0016666666666666668
	0.0	0.0015888888888888888
	0.06667458714506357	0.0014
	0.10965902340501367	0.0012333333333333332
	0.15370586364118333	0.001736111111111111
	0.12917079616782293	0.0018636363636363635
	0.3666997026759167	0.00246969696969697
	0.37733535886570185	0.0015666666666666667
	0.5372489072539232	0.0015666666666666667
	0.6677128618386173	0.0019861111111111112
	0.0	0.0


	0.0	0.0016666666666666668
	0.0	0.0015888888888888888
	0.011779344670261302	0.0017222222222222222
	0.12917079616782293	0.0018636363636363635
	0.3666997026759167	0.00246969696969697
	0.37733535886570185	0.0015666666666666667
	0.5372489072539232	0.0015666666666666667
	0.6677128618386173	0.0019861111111111112
	0.0	0.0


	0.0	0.0016666666666666668
	0.0	0.0015888888888888888
	0.023972366148531953	0.0016923076923076924
	0.12917079616782293	0.0018636363636363635
	0.33635002878526193	0.001641025641025641
	0.37733535886570185	0.0015666666666666667
	0.5372489072539232	0.0015666666666666667
	0.6677128618386173	0.0019861111111111112
	0.0	0.0


	0.0	0.0016666666666666668
	0.0	0.0015888888888888888
	0.023972366148531953	0.0016923076923076924
	0.12599383417166965	0.0016538461538461537
	0.33635002878526193	0.001641025641025641
	0.37733535886570185	0.0015666666666666667
	0.45178890150900536	0.0019102564102564102
	0.5378265455135486	0.0017564102564102564
	0.0	0.0


	0.0	0.0016538461538461537
	0.0	0.0016666666666666668
	0.0	0.0015888888888888888
	0.023972366148531953	0.0016923076923076924
	0.12599383417166965	0.0016538461538461537
	0.33635002878526193	0.001641025641025641
	0.37733535886570185	0.0015666666666666667
	0.45178890150900536	0.0019102564102564102
	0.5378265455135486	0.0017564102564102564
	0.0	0.0


	0.0	0.0016538461538461537
	0.0	0.0016666666666666668
	0.0	0.0015888888888888888
	0.023972366148531953	0.0016923076923076924
	0.12599383417166965	0.0016538461538461537
	0.33635002878526193	0.001641025641025641
	0.4755229725857293	0.0017948717948717949
	0.45178890150900536	0.0019102564102564102
	0.5378265455135486	0.0017564102564102564
	0.0	0.0


	0.0	0.0014615384615384616
	0.0	0.0016538461538461537
	0.0	0.0016666666666666668
	0.0	0.0015888888888888888
	0.023972366148531953	0.0016923076923076924
	0.12599383417166965	0.0016538461538461537
	0.33635002878526193	0.001641025641025641
	0.4755229725857293	0.0017948717948717949
	0.5048845119443126	0.0017564102564102564
	0.5378265455135486	0.0017564102564102564
	0.0	0.0


	0.0	0.0017692307692307693
	0.0	0.0016538461538461537
	0.0	0.0016666666666666668
	0.0	0.0015888888888888888
	0.023972366148531953	0.0016923076923076924
	0.12599383417166965	0.0016538461538461537
	0.27695871532617444	0.0018846153846153845
	0.4755229725857293	0.0017948717948717949
	0.5048845119443126	0.0017564102564102564
	0.5378265455135486	0.0017564102564102564
	0.0	0.0


	0.0	0.0016794871794871796
	0.07799809101878366	0.0015256410256410257
	0.0	0.0016666666666666668
	0.0	0.0015888888888888888
	0.023972366148531953	0.0016923076923076924
	0.12599383417166965	0.0016538461538461537
	0.27695871532617444	0.0018846153846153845
	0.3960415653645974	0.0019230769230769232
	0.5048845119443126	0.0017564102564102564
	0.5378265455135486	0.0017564102564102564
	0.0	0.0


	0.0	0.0014555555555555556
	0.032850084161372646	0.0014333333333333333
	0.07799809101878366	0.0015256410256410257
	0.0	0.0016666666666666668
	0.0	0.0015888888888888888
	0.18477493620024976	0.0015333333333333334
	0.12599383417166965	0.0016538461538461537
	0.27695871532617444	0.0018846153846153845
	0.3960415653645974	0.0019230769230769232
	0.5048845119443126	0.0017564102564102564
	0.5378265455135486	0.0017564102564102564
	0.0	0.0


	0.0	0.0014555555555555556
	0.032850084161372646	0.0014333333333333333
	0.07799809101878366	0.0015256410256410257
	0.0	0.0016666666666666668
	0.0	0.0015888888888888888
	0.18477493620024976	0.0015333333333333334
	0.12599383417166965	0.0016538461538461537
	0.27695871532617444	0.0018846153846153845
	0.3960415653645974	0.0019230769230769232
	0.5048845119443126	0.0017564102564102564
	0.5378265455135486	0.0017564102564102564
	0.0	0.0


	0.0	0.0014555555555555556
	0.032850084161372646	0.0014333333333333333
	0.07799809101878366	0.0015256410256410257
	0.0	0.0016666666666666668
	0.11465103436557496	0.0016333333333333334
	0.18477493620024976	0.0015333333333333334
	0.27371394588165326	0.0015
	0.27695871532617444	0.0018846153846153845
	0.3960415653645974	0.0019230769230769232
	0.5048845119443126	0.0017564102564102564
	0.5378265455135486	0.0017564102564102564
	0.0	0.0


	0.0	0.0014555555555555556
	0.032850084161372646	0.0014333333333333333
	0.07799809101878366	0.0015256410256410257
	0.0	0.0016666666666666668
	0.11465103436557496	0.0016333333333333334
	0.18477493620024976	0.0015333333333333334
	0.27371394588165326	0.0015
	0.27695871532617444	0.0018846153846153845
	0.3960415653645974	0.0019230769230769232
	0.5048845119443126	0.0017564102564102564
	0.6498596819457437	0.0015222222222222221
	0.0	0.0


	0.0	0.0014555555555555556
	0.032850084161372646	0.0014333333333333333
	0.07799809101878366	0.0015256410256410257
	0.11560681364428019	0.0013222222222222222
	0.18477493620024976	0.0015333333333333334
	0.27371394588165326	0.0015
	0.27695871532617444	0.0018846153846153845
	0.3960415653645974	0.0019230769230769232
	0.5048845119443126	0.0017564102564102564
	0.6498596819457437	0.0015222222222222221
	0.0	0.0


	0.0	0.0014555555555555556
	0.0	0.0015222222222222221
	0.03964041415915972	0.0016333333333333334
	0.11560681364428019	0.0013222222222222222
	0.18477493620024976	0.0015333333333333334
	0.27371394588165326	0.0015
	0.27695871532617444	0.0018846153846153845
	0.3960415653645974	0.0019230769230769232
	0.5048845119443126	0.0017564102564102564
	0.6498596819457437	0.0015222222222222221
	0.0	0.0


	0.0	0.0014555555555555556
	0.0	0.0015222222222222221
	0.03964041415915972	0.0016333333333333334
	0.11560681364428019	0.0013222222222222222
	0.18477493620024976	0.0015333333333333334
	0.27371394588165326	0.0015
	0.27695871532617444	0.0018846153846153845
	0.3960415653645974	0.0019230769230769232
	0.5048845119443126	0.0017564102564102564
	0.6498596819457437	0.0015222222222222221
	0.7149272384502955	0.0015222222222222221
	0.0	0.0


	0.0	0.0014555555555555556
	0.0	0.0015222222222222221
	0.03964041415915972	0.0016333333333333334
	0.11560681364428019	0.0013222222222222222
	0.18477493620024976	0.0015333333333333334
	0.27371394588165326	0.0015
	0.27695871532617444	0.0018846153846153845
	0.3960415653645974	0.0019230769230769232
	0.5048845119443126	0.0017564102564102564
	0.6498596819457437	0.0015222222222222221
	0.7149272384502955	0.0015222222222222221
	0.0	0.0


	0.0	0.0014555555555555556
	0.0	0.0015222222222222221
	0.03964041415915972	0.0016333333333333334
	0.14265667884190758	0.001388888888888889
	0.18477493620024976	0.0015333333333333334
	0.26612187622526257	0.0014333333333333333
	0.27695871532617444	0.0018846153846153845
	0.3960415653645974	0.0019230769230769232
	0.5048845119443126	0.0017564102564102564
	0.6498596819457437	0.0015222222222222221
	0.7149272384502955	0.0015222222222222221
	0.0	0.0


	0.0	0.0014555555555555556
	0.0	0.0015222222222222221
	0.03964041415915972	0.0016333333333333334
	0.1384262985203987	0.0014333333333333333
	0.18477493620024976	0.0015333333333333334
	0.26612187622526257	0.0014333333333333333
	0.27695871532617444	0.0018846153846153845
	0.3960415653645974	0.0019230769230769232
	0.5048845119443126	0.0017564102564102564
	0.6498596819457437	0.0015222222222222221
	0.7149272384502955	0.0015222222222222221
	0.0	0.0


	0.0	0.0014555555555555556
	0.0	0.0015222222222222221
	0.03964041415915972	0.0016333333333333334
	0.1384262985203987	0.0014333333333333333
	0.14188203511931563	0.0015
	0.26612187622526257	0.0014333333333333333
	0.27695871532617444	0.0018846153846153845
	0.3960415653645974	0.0019230769230769232
	0.4635029266096353	0.0016444444444444445
	0.6498596819457437	0.0015222222222222221
	0.7149272384502955	0.0015222222222222221
	0.0	0.0


	0.0	0.0014555555555555556
	0.0	0.0015222222222222221
	0.03964041415915972	0.0016333333333333334
	0.1384262985203987	0.0014333333333333333
	0.14188203511931563	0.0015
	0.26612187622526257	0.0014333333333333333
	0.27695871532617444	0.0018846153846153845
	0.3960415653645974	0.0019230769230769232
	0.4635029266096353	0.0016444444444444445
	0.6498596819457437	0.0015222222222222221
	0.7149272384502955	0.0015222222222222221
	0.0	0.0


	0.0	0.0014555555555555556
	0.0	0.0015
	0.03964041415915972	0.0016333333333333334
	0.1384262985203987	0.0014333333333333333
	0.14188203511931563	0.0015
	0.26612187622526257	0.0014333333333333333
	0.27695871532617444	0.0018846153846153845
	0.3960415653645974	0.0019230769230769232
	0.4635029266096353	0.0016444444444444445
	0.6498596819457437	0.0015222222222222221
	0.7149272384502955	0.0015222222222222221
	0.0	0.0


	0.0	0.0014555555555555556
	0.0	0.0015
	0.058184260333353686	0.001511111111111111
	0.1384262985203987	0.0014333333333333333
	0.14188203511931563	0.0015
	0.26612187622526257	0.0014333333333333333
	0.27695871532617444	0.0018846153846153845
	0.3960415653645974	0.0019230769230769232
	0.4635029266096353	0.0016444444444444445
	0.6498596819457437	0.0015222222222222221
	0.7149272384502955	0.0015222222222222221
	0.0	0.0


	0.0	0.0014555555555555556
	0.0	0.0018717948717948717
	0.058184260333353686	0.001511111111111111
	0.1384262985203987	0.0014333333333333333
	0.14188203511931563	0.0015
	0.26612187622526257	0.0014333333333333333
	0.27695871532617444	0.0018846153846153845
	0.4311507153870979	0.0018076923076923077
	0.4635029266096353	0.0016444444444444445
	0.6498596819457437	0.0015222222222222221
	0.6543730053429914	0.002205128205128205
	0.0	0.0


	0.0	0.0014555555555555556
	0.0	0.0018717948717948717
	0.058184260333353686	0.001511111111111111
	0.1384262985203987	0.0014333333333333333
	0.14188203511931563	0.0015
	0.26612187622526257	0.0014333333333333333
	0.27695871532617444	0.0018846153846153845
	0.4311507153870979	0.0018076923076923077
	0.4635029266096353	0.0016444444444444445
	0.6498596819457437	0.0015222222222222221
	0.6543730053429914	0.002205128205128205
	0.0	0.0


	0.0	0.0014555555555555556
	0.0	0.0018717948717948717
	0.058184260333353686	0.001511111111111111
	0.0	0.002307692307692308
	0.1384262985203987	0.0014333333333333333
	0.14188203511931563	0.0015
	0.26612187622526257	0.0014333333333333333
	0.27695871532617444	0.0018846153846153845
	0.4311507153870979	0.0018076923076923077
	0.4635029266096353	0.0016444444444444445
	0.6498596819457437	0.0015222222222222221
	0.6543730053429914	0.002205128205128205
	0.0	0.0


	0.0	0.0014555555555555556
	0.0	0.0014555555555555556
	0.0	0.0018717948717948717
	0.058184260333353686	0.001511111111111111
	0.0	0.002307692307692308
	0.1384262985203987	0.0014333333333333333
	0.14188203511931563	0.0015
	0.2921431279810014	0.0015
	0.27695871532617444	0.0018846153846153845
	0.4311507153870979	0.0018076923076923077
	0.4635029266096353	0.0016444444444444445
	0.6498596819457437	0.0015222222222222221
	0.6543730053429914	0.002205128205128205
	0.0	0.0


	0.0	0.0014555555555555556
	0.0	0.0014555555555555556
	0.0	0.0018717948717948717
	0.058184260333353686	0.001511111111111111
	0.0	0.002307692307692308
	0.1384262985203987	0.0014333333333333333
	0.14188203511931563	0.0015
	0.2921431279810014	0.0015
	0.27695871532617444	0.0018846153846153845
	0.4353929063792455	0.0016333333333333334
	0.4635029266096353	0.0016444444444444445
	0.6498596819457437	0.0015222222222222221
	0.6543730053429914	0.002205128205128205
	0.0	0.0


	0.0	0.0014555555555555556
	0.0	0.0014555555555555556
	0.0	0.0018717948717948717
	0.058184260333353686	0.001511111111111111
	0.0	0.002307692307692308
	0.1384262985203987	0.0014333333333333333
	0.14188203511931563	0.0015
	0.2921431279810014	0.0015
	0.27695871532617444	0.0018846153846153845
	0.4353929063792455	0.0016333333333333334
	0.4635029266096353	0.0016444444444444445
	0.6498596819457437	0.0015222222222222221
	0.6543730053429914	0.002205128205128205
	0.0	0.0


	0.0	0.0014555555555555556
	0.0	0.0014555555555555556
	0.0	0.0018717948717948717
	0.058184260333353686	0.001511111111111111
	0.0	0.002307692307692308
	0.1384262985203987	0.0014333333333333333
	0.14188203511931563	0.0015
	0.2921431279810014	0.0015
	0.27695871532617444	0.0018846153846153845
	0.4353929063792455	0.0016333333333333334
	0.4635029266096353	0.0016444444444444445
	0.6498596819457437	0.0015222222222222221
	0.6543730053429914	0.002205128205128205
	0.0	0.0


	0.0	0.0014555555555555556
	0.0	0.0014555555555555556
	0.0	0.0018717948717948717
	0.058184260333353686	0.001511111111111111
	0.0	0.002307692307692308
	0.1384262985203987	0.0014333333333333333
	0.14188203511931563	0.0015
	0.2921431279810014	0.0015
	0.27695871532617444	0.0018846153846153845
	0.4353929063792455	0.0016333333333333334
	0.4635029266096353	0.0016444444444444445
	0.6498596819457437	0.0015222222222222221
	0.6543730053429914	0.002205128205128205
	0.0	0.0


