

	0.0	0.0
	0.0	0.0
	0.0	0.0
	0.0	0.0


	0.0	0.0019166666666666666
	0.282508403848383	0.0019666666666666665
	0.45547699084270316	0.00265
	0.0	0.0


	0.0	0.0027166666666666667
	0.0	0.0019166666666666666
	0.27174815737568775	0.003
	0.45547699084270316	0.00265
	0.0	0.0


	0.0	0.0014047619047619047
	0.0	0.0027166666666666667
	0.0	0.0019166666666666666
	0.1384267631103074	0.0015357142857142857
	0.3286618444846293	0.0022976190476190475
	0.27174815737568775	0.003
	0.6113622664255576	0.0021904761904761906
	0.0	0.0


	0.0	0.001
	0.0	0.0027166666666666667
	0.0	0.0019166666666666666
	0.1384267631103074	0.0015357142857142857
	0.3286618444846293	0.0022976190476190475
	0.27174815737568775	0.003
	0.5496217511796869	0.002
	0.6113622664255576	0.0021904761904761906
	0.0	0.0


	0.0	0.0011458333333333333
	0.0	0.001
	0.15062955115559776	0.0010520833333333333
	0.0	0.0027166666666666667
	0.0	0.0019166666666666666
	0.1384267631103074	0.0015357142857142857
	0.37193443900538226	0.00196875
	0.6113622664255576	0.0021904761904761906
	0.0	0.0


	0.0	0.0011458333333333333
	0.0	0.001
	0.05211758115973795	9.035087719298246E-4
	0.16005455298214852	9.912280701754386E-4
	0.20060397944521566	9.912280701754386E-4
	0.2222059862156304	0.0011403508771929824
	0.28277440880640997	0.0011842105263157896
	0.37193443900538226	0.00196875
	0.6113622664255576	0.0021904761904761906
	0.0	0.0


	0.0	0.001350877192982456
	0.0	0.001
	0.06542197171757838	9.561403508771929E-4
	0.10860047305118012	8.947368421052632E-4
	0.20060397944521566	9.912280701754386E-4
	0.2222059862156304	0.0011403508771929824
	0.28277440880640997	0.0011842105263157896
	0.3514921242010971	0.001236842105263158
	0.37193443900538226	0.00196875
	0.6113622664255576	0.0021904761904761906
	0.0	0.0


	0.0	9.035087719298246E-4
	0.22257606701512686	9.912280701754386E-4
	0.0	0.001350877192982456
	0.0	0.001
	0.2653085949669424	0.0010087719298245614
	0.3922254145176365	0.001087719298245614
	0.3514921242010971	0.001236842105263158
	0.37193443900538226	0.00196875
	0.6312264183599294	0.0017456140350877193
	0.0	0.0


	0.0	9.035087719298246E-4
	0.05395860709592641	8.492063492063492E-4
	0.18027266754270696	0.0010714285714285715
	0.0	0.001350877192982456
	0.21172798948751642	8.888888888888889E-4
	0.2653085949669424	0.0010087719298245614
	0.3922254145176365	0.001087719298245614
	0.3514921242010971	0.001236842105263158
	0.37193443900538226	0.00196875
	0.6312264183599294	0.0017456140350877193
	0.0	0.0


	0.0	8.174603174603175E-4
	0.1622530407362121	7.46031746031746E-4
	0.0	9.035087719298246E-4
	0.23878627968337732	9.444444444444445E-4
	0.2711886221764592	0.001007936507936508
	0.3260988480597207	8.571428571428571E-4
	0.2653085949669424	0.0010087719298245614
	0.3922254145176365	0.001087719298245614
	0.5815528669798571	0.0011190476190476191
	0.37193443900538226	0.00196875
	0.6312264183599294	0.0017456140350877193
	0.0	0.0


	0.0	8.174603174603175E-4
	0.029281163524036296	7.463768115942029E-4
	0.12899800501962802	7.536231884057971E-4
	0.22210245189523134	9.347826086956521E-4
	0.3260988480597207	8.571428571428571E-4
	0.405801531630092	9.710144927536231E-4
	0.2653085949669424	0.0010087719298245614
	0.3922254145176365	0.001087719298245614
	0.5815528669798571	0.0011190476190476191
	0.37193443900538226	0.00196875
	0.6312264183599294	0.0017456140350877193
	0.0	0.0


	0.0	1.5951276102088167E-4
	0.029281163524036296	7.463768115942029E-4
	0.14558694011071968	2.900232018561485E-4
	0.22210245189523134	9.347826086956521E-4
	0.3260988480597207	8.571428571428571E-4
	0.405801531630092	9.710144927536231E-4
	0.2653085949669424	0.0010087719298245614
	0.5182121288374434	3.9878190255220416E-4
	0.5815528669798571	0.0011190476190476191
	0.5879151987921489	6.090487238979118E-4
	0.37193443900538226	0.00196875
	0.6312264183599294	0.0017456140350877193
	0.8585178661298439	8.845707656612529E-4
	0.0	0.0


	0.0	1.5951276102088167E-4
	0.029281163524036296	7.463768115942029E-4
	0.14558694011071968	2.900232018561485E-4
	0.13650388339185018	3.045133224578575E-4
	0.22210245189523134	9.347826086956521E-4
	0.3260988480597207	8.571428571428571E-4
	0.37285881476752847	2.8276237085372483E-4
	0.2653085949669424	0.0010087719298245614
	0.5262439266588644	5.29273155700562E-4
	0.6100117033726993	3.987674460757658E-4
	0.37193443900538226	0.00196875
	0.6312264183599294	0.0017456140350877193
	0.8585178661298439	8.845707656612529E-4
	0.0	0.0


	0.0	1.5951276102088167E-4
	0.029281163524036296	7.463768115942029E-4
	0.12144694155418467	2.175047851052723E-4
	0.13650388339185018	3.045133224578575E-4
	0.20147585349044395	4.5676004872107184E-4
	0.3458674421341043	2.3200510411229048E-4
	0.3260988480597207	8.571428571428571E-4
	0.37285881476752847	2.8276237085372483E-4
	0.2653085949669424	0.0010087719298245614
	0.5262439266588644	5.29273155700562E-4
	0.6100117033726993	3.987674460757658E-4
	0.6741692020641777	4.422597297140537E-4
	0.6312264183599294	0.0017456140350877193
	0.8585178661298439	8.845707656612529E-4
	0.0	0.0


	0.0	1.5951276102088167E-4
	0.029281163524036296	7.463768115942029E-4
	0.0762107242880798	2.1750793903977495E-4
	0.151746836478116	1.015037048852283E-4
	0.20147585349044395	4.5676004872107184E-4
	0.24823680928920416	2.4650899757841163E-4
	0.3260988480597207	8.571428571428571E-4
	0.37285881476752847	2.8276237085372483E-4
	0.2653085949669424	0.0010087719298245614
	0.5526299650428277	3.3351217319432157E-4
	0.6743667845534272	4.4951640734886824E-4
	0.6100117033726993	3.987674460757658E-4
	0.6741692020641777	4.422597297140537E-4
	0.6312264183599294	0.0017456140350877193
	0.8585178661298439	8.845707656612529E-4
	0.0	0.0


	0.0	1.5951276102088167E-4
	0.029281163524036296	7.463768115942029E-4
	0.0977318721600672	2.682617364509697E-4
	0.1176066287372561	1.5225666122892876E-4
	0.20147585349044395	4.5676004872107184E-4
	0.24823680928920416	2.4650899757841163E-4
	0.3260988480597207	8.571428571428571E-4
	0.37285881476752847	2.8276237085372483E-4
	0.2653085949669424	0.0010087719298245614
	0.5526299650428277	3.3351217319432157E-4
	0.6743667845534272	4.4951640734886824E-4
	0.6100117033726993	3.987674460757658E-4
	0.6741692020641777	4.422597297140537E-4
	0.6312264183599294	0.0017456140350877193
	0.8585178661298439	8.845707656612529E-4
	0.0	0.0


	0.0	1.5951276102088167E-4
	0.029281163524036296	7.463768115942029E-4
	0.0977318721600672	2.682617364509697E-4
	0.10661094826903272	2.4651078484683707E-4
	0.1176066287372561	1.5225666122892876E-4
	0.20147585349044395	4.5676004872107184E-4
	0.24823680928920416	2.4650899757841163E-4
	0.3448467083894478	2.5376110204821463E-4
	0.3944981383189416	2.3201015044408194E-4
	0.3260988480597207	8.571428571428571E-4
	0.37285881476752847	2.8276237085372483E-4
	0.2653085949669424	0.0010087719298245614
	0.5832805196862869	3.9151712887438824E-4
	0.6871385566030263	3.6251586006887804E-4
	0.7565951041749188	4.205183976798985E-4
	0.6312264183599294	0.0017456140350877193
	0.8585178661298439	8.845707656612529E-4
	0.0	0.0


	0.0	2.392517943884579E-4
	0.03963011889035667	3.262524468933517E-4
	0.10661094826903272	2.4651078484683707E-4
	0.1176066287372561	1.5225666122892876E-4
	0.20147585349044395	4.5676004872107184E-4
	0.2921820583643569	2.9725222939172043E-4
	0.3448467083894478	2.5376110204821463E-4
	0.3944981383189416	2.3201015044408194E-4
	0.3260988480597207	8.571428571428571E-4
	0.37285881476752847	2.8276237085372483E-4
	0.2653085949669424	0.0010087719298245614
	0.5832805196862869	3.9151712887438824E-4
	0.6871385566030263	3.6251586006887804E-4
	0.7565951041749188	4.205183976798985E-4
	0.6312264183599294	0.0017456140350877193
	0.8585178661298439	8.845707656612529E-4
	0.0	0.0


	0.0	2.392517943884579E-4
	0.03963011889035667	3.262524468933517E-4
	0.10661094826903272	2.4651078484683707E-4
	0.1176066287372561	1.5225666122892876E-4
	0.20147585349044395	4.5676004872107184E-4
	0.2921820583643569	2.9725222939172043E-4
	0.30831360786368645	3.0451111465568494E-4
	0.3944981383189416	2.3201015044408194E-4
	0.3260988480597207	8.571428571428571E-4
	0.37285881476752847	2.8276237085372483E-4
	0.2653085949669424	0.0010087719298245614
	0.5832805196862869	3.9151712887438824E-4
	0.5628173391395479	4.2776561344489073E-4
	0.6871385566030263	3.6251586006887804E-4
	0.7565951041749188	4.205183976798985E-4
	0.6312264183599294	0.0017456140350877193
	0.8585178661298439	8.845707656612529E-4
	0.0	0.0


	0.0	2.392517943884579E-4
	0.040421725726030526	1.5225666122892876E-4
	0.1176066287372561	1.5225666122892876E-4
	0.20147585349044395	4.5676004872107184E-4
	0.21914132379248658	2.3201015044408194E-4
	0.2921820583643569	2.9725222939172043E-4
	0.30831360786368645	3.0451111465568494E-4
	0.3944981383189416	2.3201015044408194E-4
	0.3260988480597207	8.571428571428571E-4
	0.37285881476752847	2.8276237085372483E-4
	0.2653085949669424	0.0010087719298245614
	0.5832805196862869	3.9151712887438824E-4
	0.5628173391395479	4.2776561344489073E-4
	0.6871385566030263	3.6251586006887804E-4
	0.7565951041749188	4.205183976798985E-4
	0.6312264183599294	0.0017456140350877193
	0.8585178661298439	8.845707656612529E-4
	0.0	0.0


	0.0	2.392517943884579E-4
	0.040421725726030526	1.5225666122892876E-4
	0.1176066287372561	1.5225666122892876E-4
	0.20147585349044395	4.5676004872107184E-4
	0.21914132379248658	2.3201015044408194E-4
	0.2921820583643569	2.9725222939172043E-4
	0.30831360786368645	3.0451111465568494E-4
	0.3944981383189416	2.3201015044408194E-4
	0.3260988480597207	8.571428571428571E-4
	0.37285881476752847	2.8276237085372483E-4
	0.2653085949669424	0.0010087719298245614
	0.5864453665283541	4.5677329543806735E-4
	0.6871385566030263	3.6251586006887804E-4
	0.7565951041749188	4.205183976798985E-4
	0.6312264183599294	0.0017456140350877193
	0.8585178661298439	8.845707656612529E-4
	0.0	0.0


	0.0	2.6682231301592595E-4
	0.0	2.392517943884579E-4
	0.040421725726030526	1.5225666122892876E-4
	0.1176066287372561	1.5225666122892876E-4
	0.20147585349044395	4.5676004872107184E-4
	0.21914132379248658	2.3201015044408194E-4
	0.2921820583643569	2.9725222939172043E-4
	0.30831360786368645	3.0451111465568494E-4
	0.3944981383189416	2.3201015044408194E-4
	0.3260988480597207	8.571428571428571E-4
	0.37285881476752847	2.8276237085372483E-4
	0.2653085949669424	0.0010087719298245614
	0.5864453665283541	4.5677329543806735E-4
	0.6871385566030263	3.6251586006887804E-4
	0.7565951041749188	4.205183976798985E-4
	0.6312264183599294	0.0017456140350877193
	0.8585178661298439	8.845707656612529E-4
	0.0	0.0


	0.0	1.5980323358369172E-4
	0.040421725726030526	1.5225666122892876E-4
	0.1176066287372561	1.5225666122892876E-4
	0.20147585349044395	4.5676004872107184E-4
	0.21914132379248658	2.3201015044408194E-4
	0.2921820583643569	2.9725222939172043E-4
	0.30831360786368645	3.0451111465568494E-4
	0.3944981383189416	2.3201015044408194E-4
	0.3260988480597207	8.571428571428571E-4
	0.37285881476752847	2.8276237085372483E-4
	0.2653085949669424	0.0010087719298245614
	0.5864453665283541	4.5677329543806735E-4
	0.6871385566030263	3.6251586006887804E-4
	0.7565951041749188	4.205183976798985E-4
	0.6312264183599294	0.0017456140350877193
	0.8585178661298439	8.845707656612529E-4
	0.0	0.0


	0.0	1.5980323358369172E-4
	0.040421725726030526	1.5225666122892876E-4
	0.1176066287372561	1.5225666122892876E-4
	0.20147585349044395	4.5676004872107184E-4
	0.21914132379248658	2.3201015044408194E-4
	0.2921820583643569	2.9725222939172043E-4
	0.30831360786368645	3.0451111465568494E-4
	0.3944981383189416	2.3201015044408194E-4
	0.3260988480597207	8.571428571428571E-4
	0.37285881476752847	2.8276237085372483E-4
	0.4712026878552889	3.4146496410647357E-4
	0.5864453665283541	4.5677329543806735E-4
	0.6871385566030263	3.6251586006887804E-4
	0.7565951041749188	4.205183976798985E-4
	0.6312264183599294	0.0017456140350877193
	0.8585178661298439	8.845707656612529E-4
	0.0	0.0


	0.0	1.5980323358369172E-4
	0.040421725726030526	1.5225666122892876E-4
	0.1176066287372561	1.5225666122892876E-4
	0.20147585349044395	4.5676004872107184E-4
	0.21914132379248658	2.3201015044408194E-4
	0.2921820583643569	2.9725222939172043E-4
	0.30831360786368645	3.0451111465568494E-4
	0.3944981383189416	2.3201015044408194E-4
	0.4143256149202631	2.9384435779124344E-4
	0.37285881476752847	2.8276237085372483E-4
	0.4712026878552889	3.4146496410647357E-4
	0.5864453665283541	4.5677329543806735E-4
	0.6871385566030263	3.6251586006887804E-4
	0.7565951041749188	4.205183976798985E-4
	0.6312264183599294	0.0017456140350877193
	0.8585178661298439	8.845707656612529E-4
	0.0	0.0


	0.0	1.5980323358369172E-4
	0.040421725726030526	1.5225666122892876E-4
	0.1176066287372561	1.5225666122892876E-4
	0.20147585349044395	4.5676004872107184E-4
	0.21914132379248658	2.3201015044408194E-4
	0.2921820583643569	2.9725222939172043E-4
	0.30831360786368645	3.0451111465568494E-4
	0.3944981383189416	2.3201015044408194E-4
	0.4143256149202631	2.9384435779124344E-4
	0.37285881476752847	2.8276237085372483E-4
	0.4712026878552889	3.4146496410647357E-4
	0.5864453665283541	4.5677329543806735E-4
	0.7596208447997205	4.685105335461483E-4
	0.7565951041749188	4.205183976798985E-4
	0.6312264183599294	0.0017456140350877193
	0.8585178661298439	8.845707656612529E-4
	0.0	0.0


	0.0	1.5980323358369172E-4
	0.040421725726030526	1.5225666122892876E-4
	0.1176066287372561	1.5225666122892876E-4
	0.20147585349044395	4.5676004872107184E-4
	0.21914132379248658	2.3201015044408194E-4
	0.2921820583643569	2.9725222939172043E-4
	0.30831360786368645	3.0451111465568494E-4
	0.3944981383189416	2.3201015044408194E-4
	0.4143256149202631	2.9384435779124344E-4
	0.37285881476752847	2.8276237085372483E-4
	0.4712026878552889	3.4146496410647357E-4
	0.5864453665283541	4.5677329543806735E-4
	0.7596208447997205	4.685105335461483E-4
	0.7565951041749188	4.205183976798985E-4
	0.6312264183599294	0.0017456140350877193
	0.8585178661298439	8.845707656612529E-4
	0.0	0.0


	0.0	1.5980323358369172E-4
	0.040421725726030526	1.5225666122892876E-4
	0.1176066287372561	1.5225666122892876E-4
	0.20147585349044395	4.5676004872107184E-4
	0.2373817192470042	3.2555185008734317E-4
	0.2921820583643569	2.9725222939172043E-4
	0.3506711745053714	3.4143242814038433E-4
	0.3944981383189416	2.3201015044408194E-4
	0.4143256149202631	2.9384435779124344E-4
	0.37285881476752847	2.8276237085372483E-4
	0.5636265429011543	5.319993647768779E-4
	0.5864453665283541	4.5677329543806735E-4
	0.7596208447997205	4.685105335461483E-4
	0.7565951041749188	4.205183976798985E-4
	0.6312264183599294	0.0017456140350877193
	0.8585178661298439	8.845707656612529E-4
	0.0	0.0


	0.0	1.5980323358369172E-4
	0.040421725726030526	1.5225666122892876E-4
	0.1176066287372561	1.5225666122892876E-4
	0.20147585349044395	4.5676004872107184E-4
	0.2373817192470042	3.2555185008734317E-4
	0.2921820583643569	2.9725222939172043E-4
	0.3506711745053714	3.4143242814038433E-4
	0.3944981383189416	2.3201015044408194E-4
	0.4143256149202631	2.9384435779124344E-4
	0.37285881476752847	2.8276237085372483E-4
	0.5636265429011543	5.319993647768779E-4
	0.5864453665283541	4.5677329543806735E-4
	0.7596208447997205	4.685105335461483E-4
	0.7565951041749188	4.205183976798985E-4
	0.6312264183599294	0.0017456140350877193
	0.8585178661298439	8.845707656612529E-4
	0.0	0.0


	0.0	1.5980323358369172E-4
	0.040421725726030526	1.5225666122892876E-4
	0.1176066287372561	1.5225666122892876E-4
	0.20119234260252497	2.541174975779426E-4
	0.20147585349044395	4.5676004872107184E-4
	0.2373817192470042	3.2555185008734317E-4
	0.2921820583643569	2.9725222939172043E-4
	0.3506711745053714	3.4143242814038433E-4
	0.3944981383189416	2.3201015044408194E-4
	0.4143256149202631	2.9384435779124344E-4
	0.4672621503424375	3.25588043771739E-4
	0.5636265429011543	5.319993647768779E-4
	0.5864453665283541	4.5677329543806735E-4
	0.7596208447997205	4.685105335461483E-4
	0.7565951041749188	4.205183976798985E-4
	0.6312264183599294	0.0017456140350877193
	0.8585178661298439	8.845707656612529E-4
	0.0	0.0


	0.0	1.5980323358369172E-4
	0.040421725726030526	1.5225666122892876E-4
	0.1176066287372561	1.5225666122892876E-4
	0.20119234260252497	2.541174975779426E-4
	0.20147585349044395	4.5676004872107184E-4
	0.2373817192470042	3.2555185008734317E-4
	0.2921820583643569	2.9725222939172043E-4
	0.43533649831810484	2.3823326212805832E-4
	0.3944981383189416	2.3201015044408194E-4
	0.4143256149202631	2.9384435779124344E-4
	0.4672621503424375	3.25588043771739E-4
	0.6508099339170265	4.0499654561769916E-4
	0.5864453665283541	4.5677329543806735E-4
	0.7596208447997205	4.685105335461483E-4
	0.7565951041749188	4.205183976798985E-4
	0.6312264183599294	0.0017456140350877193
	0.8585178661298439	8.845707656612529E-4
	0.0	0.0


	0.0	1.5980323358369172E-4
	0.040421725726030526	1.5225666122892876E-4
	0.14210883693859735	3.5018676627534683E-4
	0.20119234260252497	2.541174975779426E-4
	0.20147585349044395	4.5676004872107184E-4
	0.2373817192470042	3.2555185008734317E-4
	0.3242603550295858	3.4184898612593385E-4
	0.43533649831810484	2.3823326212805832E-4
	0.3944981383189416	2.3201015044408194E-4
	0.4143256149202631	2.9384435779124344E-4
	0.4672621503424375	3.25588043771739E-4
	0.6508099339170265	4.0499654561769916E-4
	0.5864453665283541	4.5677329543806735E-4
	0.7596208447997205	4.685105335461483E-4
	0.7565951041749188	4.205183976798985E-4
	0.6312264183599294	0.0017456140350877193
	0.8585178661298439	8.845707656612529E-4
	0.0	0.0


	0.0	1.5980323358369172E-4
	0.040421725726030526	1.5225666122892876E-4
	0.14210883693859735	3.5018676627534683E-4
	0.20119234260252497	2.541174975779426E-4
	0.20147585349044395	4.5676004872107184E-4
	0.2373817192470042	3.2555185008734317E-4
	0.3242603550295858	3.4184898612593385E-4
	0.43533649831810484	2.3823326212805832E-4
	0.3361729908759415	3.414568295336335E-4
	0.4143256149202631	2.9384435779124344E-4
	0.4672621503424375	3.25588043771739E-4
	0.6508099339170265	4.0499654561769916E-4
	0.5864453665283541	4.5677329543806735E-4
	0.7596208447997205	4.685105335461483E-4
	0.7565951041749188	4.205183976798985E-4
	0.6312264183599294	0.0017456140350877193
	0.8585178661298439	8.845707656612529E-4
	0.0	0.0


	0.0	1.5980323358369172E-4
	0.040421725726030526	1.5225666122892876E-4
	0.14210883693859735	3.5018676627534683E-4
	0.20119234260252497	2.541174975779426E-4
	0.20147585349044395	4.5676004872107184E-4
	0.2373817192470042	3.2555185008734317E-4
	0.3523976849937991	2.3029763984625648E-4
	0.43533649831810484	2.3823326212805832E-4
	0.3361729908759415	3.414568295336335E-4
	0.4143256149202631	2.9384435779124344E-4
	0.4672621503424375	3.25588043771739E-4
	0.6508099339170265	4.0499654561769916E-4
	0.5864453665283541	4.5677329543806735E-4
	0.7596208447997205	4.685105335461483E-4
	0.7565951041749188	4.205183976798985E-4
	0.6312264183599294	0.0017456140350877193
	0.8585178661298439	8.845707656612529E-4
	0.0	0.0


	0.0	1.5980323358369172E-4
	0.040421725726030526	1.5225666122892876E-4
	0.14210883693859735	3.5018676627534683E-4
	0.20119234260252497	2.541174975779426E-4
	0.3067865168539326	4.8441147975795306E-4
	0.2373817192470042	3.2555185008734317E-4
	0.3523976849937991	2.3029763984625648E-4
	0.43533649831810484	2.3823326212805832E-4
	0.3361729908759415	3.414568295336335E-4
	0.4143256149202631	2.9384435779124344E-4
	0.4672621503424375	3.25588043771739E-4
	0.6508099339170265	4.0499654561769916E-4
	0.5864453665283541	4.5677329543806735E-4
	0.7596208447997205	4.685105335461483E-4
	0.7565951041749188	4.205183976798985E-4
	0.6312264183599294	0.0017456140350877193
	0.8585178661298439	8.845707656612529E-4
	0.0	0.0


	0.0	1.5980323358369172E-4
	0.040421725726030526	1.5225666122892876E-4
	0.14210883693859735	3.5018676627534683E-4
	0.20119234260252497	2.541174975779426E-4
	0.3067865168539326	4.8441147975795306E-4
	0.2373817192470042	3.2555185008734317E-4
	0.3523976849937991	2.3029763984625648E-4
	0.3408551745079805	2.1442015231772302E-4
	0.3361729908759415	3.414568295336335E-4
	0.4143256149202631	2.9384435779124344E-4
	0.4672621503424375	3.25588043771739E-4
	0.6508099339170265	4.0499654561769916E-4
	0.5864453665283541	4.5677329543806735E-4
	0.7596208447997205	4.685105335461483E-4
	0.7565951041749188	4.205183976798985E-4
	0.6312264183599294	0.0017456140350877193
	0.8585178661298439	8.845707656612529E-4
	0.0	0.0


	0.0	1.5980323358369172E-4
	0.040421725726030526	1.5225666122892876E-4
	0.14210883693859735	3.5018676627534683E-4
	0.20119234260252497	2.541174975779426E-4
	0.3067865168539326	4.8441147975795306E-4
	0.2373817192470042	3.2555185008734317E-4
	0.3523976849937991	2.3029763984625648E-4
	0.3408551745079805	2.1442015231772302E-4
	0.3361729908759415	3.414568295336335E-4
	0.4143256149202631	2.9384435779124344E-4
	0.4672621503424375	3.25588043771739E-4
	0.6508099339170265	4.0499654561769916E-4
	0.5864453665283541	4.5677329543806735E-4
	0.7596208447997205	4.685105335461483E-4
	0.7565951041749188	4.205183976798985E-4
	0.6312264183599294	0.0017456140350877193
	0.8585178661298439	8.845707656612529E-4
	0.0	0.0


	0.0	1.5980323358369172E-4
	0.040421725726030526	1.5225666122892876E-4
	0.14210883693859735	3.5018676627534683E-4
	0.20119234260252497	2.541174975779426E-4
	0.3067865168539326	4.8441147975795306E-4
	0.2373817192470042	3.2555185008734317E-4
	0.3523976849937991	2.3029763984625648E-4
	0.3408551745079805	2.1442015231772302E-4
	0.3361729908759415	3.414568295336335E-4
	0.4143256149202631	2.9384435779124344E-4
	0.4672621503424375	3.25588043771739E-4
	0.6508099339170265	4.0499654561769916E-4
	0.5864453665283541	4.5677329543806735E-4
	0.7596208447997205	4.685105335461483E-4
	0.7565951041749188	4.205183976798985E-4
	0.6312264183599294	0.0017456140350877193
	0.8585178661298439	8.845707656612529E-4
	0.0	0.0


	0.0	1.5980323358369172E-4
	0.040421725726030526	1.5225666122892876E-4
	0.14210883693859735	3.5018676627534683E-4
	0.20119234260252497	2.541174975779426E-4
	0.3067865168539326	4.8441147975795306E-4
	0.2373817192470042	3.2555185008734317E-4
	0.3523976849937991	2.3029763984625648E-4
	0.3408551745079805	2.1442015231772302E-4
	0.41693980767978467	2.5412556979717603E-4
	0.4143256149202631	2.9384435779124344E-4
	0.4672621503424375	3.25588043771739E-4
	0.6508099339170265	4.0499654561769916E-4
	0.5864453665283541	4.5677329543806735E-4
	0.7596208447997205	4.685105335461483E-4
	0.7565951041749188	4.205183976798985E-4
	0.6312264183599294	0.0017456140350877193
	0.8585178661298439	8.845707656612529E-4
	0.0	0.0


