

	0.768025	0.21
	0.82556	0.18
	0.828545	0.12
	0.83553	0.0


	0.723125	0.24
	0.768025	0.21
	0.79421	0.15
	0.828545	0.12
	0.83553	0.0


	0.689325	0.3
	0.723125	0.24
	0.768025	0.21
	0.774675	0.18
	0.79421	0.15
	0.816495	0.12
	0.83553	0.0


	0.6725	0.27
	0.69469	0.24
	0.73275	0.21
	0.73413	0.18
	0.771475	0.15
	0.816495	0.12
	0.83553	0.0


	0.643805	0.33
	0.66432	0.27
	0.69469	0.24
	0.701045	0.21
	0.73413	0.18
	0.771475	0.15
	0.78833	0.12
	0.83553	0.0


	0.643525	0.33
	0.66432	0.27
	0.69469	0.24
	0.701045	0.21
	0.73413	0.18
	0.771475	0.15
	0.78833	0.12
	0.83553	0.0


	0.643525	0.33
	0.66432	0.27
	0.69469	0.24
	0.69804	0.21
	0.73413	0.18
	0.771475	0.15
	0.777215	0.12
	0.83553	0.0


	0.63735	0.33
	0.66432	0.27
	0.69469	0.24
	0.69804	0.21
	0.73413	0.18
	0.771475	0.15
	0.777215	0.12
	0.80533	0.09
	0.83553	0.0


	0.63735	0.33
	0.66432	0.27
	0.693835	0.21
	0.73413	0.18
	0.751575	0.15
	0.777215	0.12
	0.80533	0.09
	0.83553	0.0


	0.63735	0.33
	0.66432	0.27
	0.69163	0.21
	0.73413	0.18
	0.751575	0.15
	0.76969	0.12
	0.80533	0.09
	0.83553	0.0


	0.63735	0.33
	0.65798	0.3
	0.66432	0.27
	0.684045	0.24
	0.69163	0.21
	0.72923	0.18
	0.751575	0.15
	0.757905	0.12
	0.80533	0.09
	0.83553	0.0


	0.629935	0.36
	0.63735	0.33
	0.65798	0.3
	0.66432	0.27
	0.684045	0.24
	0.69163	0.21
	0.702705	0.15
	0.757905	0.12
	0.80533	0.09
	0.83553	0.0


	0.61633	0.36
	0.63735	0.33
	0.65798	0.3
	0.66213	0.27
	0.684045	0.24
	0.69163	0.21
	0.70238	0.15
	0.757905	0.12
	0.80533	0.09
	0.83553	0.0


	0.61633	0.36
	0.627605	0.33
	0.65798	0.3
	0.66213	0.27
	0.684045	0.24
	0.69163	0.21
	0.70238	0.15
	0.757905	0.12
	0.80533	0.09
	0.81266	0.06
	0.83553	0.0


	0.61633	0.36
	0.627605	0.33
	0.65798	0.3
	0.66213	0.27
	0.67294	0.24
	0.69163	0.21
	0.70052	0.15
	0.757905	0.12
	0.78229	0.09
	0.81266	0.06
	0.83553	0.0


	0.61633	0.36
	0.627605	0.33
	0.65364	0.3
	0.66213	0.27
	0.669075	0.24
	0.69157	0.21
	0.70052	0.15
	0.757905	0.12
	0.78229	0.09
	0.81266	0.06
	0.83553	0.0


	0.61633	0.36
	0.627605	0.33
	0.636875	0.3
	0.66213	0.27
	0.669075	0.24
	0.69157	0.21
	0.70052	0.15
	0.757905	0.12
	0.78229	0.09
	0.81266	0.06
	0.83553	0.0


	0.60707	0.33
	0.636875	0.3
	0.66213	0.27
	0.669075	0.24
	0.69114	0.18
	0.70052	0.15
	0.757905	0.12
	0.78229	0.09
	0.81266	0.06
	0.83553	0.0


	0.60707	0.33
	0.634595	0.3
	0.66213	0.27
	0.663885	0.24
	0.676535	0.18
	0.70052	0.15
	0.757905	0.12
	0.78229	0.09
	0.81266	0.06
	0.83553	0.0


	0.60707	0.33
	0.634595	0.3
	0.643265	0.18
	0.70052	0.15
	0.757905	0.12
	0.77757	0.09
	0.81266	0.06
	0.83553	0.0


