

	0.777255	0.3
	0.823195	0.21
	0.83008	0.18
	0.83553	0.0


	0.725885	0.51
	0.73276	0.21
	0.82992	0.15
	0.83553	0.0


	0.67642	0.39
	0.69639	0.24
	0.73276	0.21
	0.79545	0.15
	0.83553	0.0


	0.652085	0.36
	0.68906	0.3
	0.69639	0.24
	0.73276	0.21
	0.772295	0.18
	0.783295	0.15
	0.83553	0.0


	0.652085	0.36
	0.68906	0.3
	0.69639	0.24
	0.722685	0.21
	0.772295	0.18
	0.783295	0.15
	0.83553	0.0


	0.6008	0.45
	0.652085	0.36
	0.666575	0.33
	0.683205	0.27
	0.69639	0.24
	0.722685	0.21
	0.7598	0.15
	0.83553	0.0


	0.6008	0.45
	0.652085	0.36
	0.666575	0.33
	0.683205	0.27
	0.69639	0.24
	0.722685	0.21
	0.73633	0.18
	0.7598	0.15
	0.83553	0.0


	0.6008	0.45
	0.652085	0.36
	0.666575	0.33
	0.683205	0.27
	0.69639	0.24
	0.72132	0.21
	0.73633	0.18
	0.7598	0.15
	0.83553	0.0


	0.6008	0.45
	0.652085	0.36
	0.666575	0.33
	0.678795	0.3
	0.683205	0.27
	0.69639	0.24
	0.72132	0.21
	0.73633	0.18
	0.7598	0.15
	0.83553	0.0


	0.6008	0.45
	0.652085	0.36
	0.666575	0.33
	0.672635	0.3
	0.683205	0.27
	0.693805	0.24
	0.71016	0.21
	0.73633	0.18
	0.7598	0.15
	0.83553	0.0


