

	152260.0	36000.0
	153710.0	27000.0
	156984.0	15000.0
	165925.0	12000.0
	167106.0	0.0


	139886.0	27000.0
	150647.0	24000.0
	156984.0	15000.0
	165925.0	12000.0
	167106.0	0.0


	124961.0	36000.0
	134268.0	30000.0
	139886.0	27000.0
	150647.0	24000.0
	153528.0	21000.0
	154758.0	18000.0
	156984.0	15000.0
	165925.0	12000.0
	167106.0	0.0


	124961.0	36000.0
	131373.0	33000.0
	134268.0	30000.0
	136873.0	21000.0
	154758.0	18000.0
	156984.0	15000.0
	165925.0	12000.0
	167106.0	0.0


	124961.0	36000.0
	131373.0	33000.0
	134268.0	30000.0
	136873.0	21000.0
	154393.0	18000.0
	156984.0	15000.0
	165925.0	12000.0
	167106.0	0.0


	124961.0	36000.0
	131373.0	33000.0
	132799.0	30000.0
	136873.0	21000.0
	154393.0	18000.0
	156984.0	15000.0
	165925.0	12000.0
	167106.0	0.0


	124961.0	36000.0
	128410.0	33000.0
	132799.0	30000.0
	136659.0	27000.0
	136873.0	21000.0
	152869.0	18000.0
	156984.0	15000.0
	165925.0	12000.0
	167106.0	0.0


	124961.0	36000.0
	128410.0	33000.0
	132164.0	30000.0
	136659.0	27000.0
	136873.0	21000.0
	152869.0	18000.0
	154970.0	15000.0
	165925.0	12000.0
	167106.0	0.0


	124961.0	36000.0
	128410.0	33000.0
	132164.0	30000.0
	134560.0	27000.0
	136860.0	21000.0
	152869.0	18000.0
	154970.0	15000.0
	165925.0	12000.0
	167106.0	0.0


	124961.0	36000.0
	127875.0	33000.0
	132164.0	30000.0
	132749.0	27000.0
	136860.0	21000.0
	146193.0	18000.0
	154970.0	15000.0
	165925.0	12000.0
	167106.0	0.0


