

	155451.0	30000.0
	164639.0	21000.0
	166016.0	18000.0
	167106.0	0.0


	145177.0	51000.0
	146552.0	21000.0
	165984.0	15000.0
	167106.0	0.0


	135284.0	39000.0
	139278.0	24000.0
	146552.0	21000.0
	159090.0	15000.0
	167106.0	0.0


	130417.0	36000.0
	137812.0	30000.0
	139278.0	24000.0
	146552.0	21000.0
	154459.0	18000.0
	156659.0	15000.0
	167106.0	0.0


	130417.0	36000.0
	137812.0	30000.0
	139278.0	24000.0
	144537.0	21000.0
	154459.0	18000.0
	156659.0	15000.0
	167106.0	0.0


	120160.0	45000.0
	130417.0	36000.0
	133315.0	33000.0
	136641.0	27000.0
	139278.0	24000.0
	144537.0	21000.0
	151960.0	15000.0
	167106.0	0.0


	120160.0	45000.0
	130417.0	36000.0
	133315.0	33000.0
	136641.0	27000.0
	139278.0	24000.0
	144537.0	21000.0
	147266.0	18000.0
	151960.0	15000.0
	167106.0	0.0


	120160.0	45000.0
	130417.0	36000.0
	133315.0	33000.0
	136641.0	27000.0
	139278.0	24000.0
	144264.0	21000.0
	147266.0	18000.0
	151960.0	15000.0
	167106.0	0.0


	120160.0	45000.0
	130417.0	36000.0
	133315.0	33000.0
	135759.0	30000.0
	136641.0	27000.0
	139278.0	24000.0
	144264.0	21000.0
	147266.0	18000.0
	151960.0	15000.0
	167106.0	0.0


	120160.0	45000.0
	130417.0	36000.0
	133315.0	33000.0
	134527.0	30000.0
	136641.0	27000.0
	138761.0	24000.0
	142032.0	21000.0
	147266.0	18000.0
	151960.0	15000.0
	167106.0	0.0


