	0.52981	5.6E-4
	0.5888466666666666	5.2E-4
	0.62565	5.0E-4
	0.64545	4.9E-4
	0.6635733333333333	4.3E-4
	0.6640366666666667	4.1E-4
	0.6693433333333333	3.9E-4
	0.7431566666666667	2.2E-4


	0.46340333333333333	5.7E-4
	0.47624333333333335	4.5E-4
	0.48700333333333334	3.5E-4
	0.50514	3.2E-4
	0.5578266666666667	2.9E-4
	0.7431566666666667	2.2E-4


	0.46664	4.6E-4
	0.5080933333333333	4.5E-4
	0.5342066666666667	3.7E-4
	0.5578266666666667	2.9E-4
	0.7431566666666667	2.2E-4


	0.47487666666666667	6.1E-4
	0.49483333333333335	4.9E-4
	0.5242233333333334	4.3E-4
	0.5262433333333333	4.1E-4
	0.5340466666666667	3.8E-4
	0.5578266666666667	2.9E-4
	0.7431566666666667	2.2E-4


	0.48266	4.8E-4
	0.48512666666666665	4.3E-4
	0.5092866666666667	3.0E-4
	0.5578266666666667	2.9E-4
	0.7431566666666667	2.2E-4
	0.7431566666666667	2.2E-4


	0.48474	6.4E-4
	0.48646333333333336	4.0E-4
	0.49369	3.7E-4
	0.5187266666666667	3.5E-4
	0.53852	3.3E-4
	0.5578266666666667	2.9E-4
	0.7431566666666667	2.2E-4


	0.47324666666666665	6.1E-4
	0.5082933333333334	5.6E-4
	0.5092	4.9E-4
	0.5239933333333333	4.7E-4
	0.5243133333333333	3.7E-4
	0.5313866666666667	2.5E-4
	0.7431566666666667	2.2E-4
	0.7431566666666667	2.2E-4


	0.5036866666666666	4.5E-4
	0.5117966666666667	3.6E-4
	0.53646	3.4E-4
	0.5509433333333333	3.0E-4
	0.55378	2.9E-4
	0.7431566666666667	2.2E-4
	0.7431566666666667	2.2E-4


	0.48356333333333335	6.2E-4
	0.49743	4.2E-4
	0.5086733333333333	3.9E-4
	0.5578266666666667	2.9E-4
	0.7431566666666667	2.2E-4
	0.7431566666666667	2.2E-4


	0.48135333333333336	4.5E-4
	0.49587	3.7E-4
	0.52868	3.4E-4
	0.7431566666666667	2.2E-4
	0.7431566666666667	2.2E-4


