	0.52981	5.6E-4
	0.5888466666666666	5.2E-4
	0.62565	5.0E-4
	0.64545	4.9E-4
	0.6635733333333333	4.3E-4
	0.6640366666666667	4.1E-4
	0.6693433333333333	3.9E-4
	0.7431566666666667	2.2E-4


	0.45680333333333334	6.9E-4
	0.46495	3.0E-4
	0.5677566666666667	2.6E-4
	0.7431566666666667	2.2E-4


	0.47867666666666664	4.0E-4
	0.5037533333333334	3.7E-4
	0.5522166666666667	3.2E-4
	0.5677566666666667	2.6E-4
	0.7431566666666667	2.2E-4


	0.47447333333333336	6.0E-4
	0.48067333333333334	5.7E-4
	0.4898766666666667	3.9E-4
	0.5522166666666667	3.2E-4
	0.5662233333333333	3.1E-4
	0.5677566666666667	2.6E-4
	0.7431566666666667	2.2E-4


	0.4691633333333333	7.3E-4
	0.48169	6.8E-4
	0.49081	4.6E-4
	0.4987566666666667	4.5E-4
	0.50575	3.9E-4
	0.5076066666666667	3.1E-4
	0.5677566666666667	2.6E-4
	0.5677566666666667	2.6E-4
	0.5768333333333333	2.5E-4
	0.7431566666666667	2.2E-4


	0.48680666666666667	4.8E-4
	0.49666666666666665	4.1E-4
	0.52002	3.5E-4
	0.5662233333333333	3.1E-4
	0.5677566666666667	2.6E-4
	0.5768333333333333	2.5E-4
	0.7431566666666667	2.2E-4


	0.47087666666666667	6.9E-4
	0.50217	6.6E-4
	0.5105066666666667	3.1E-4
	0.5677566666666667	2.6E-4
	0.5768333333333333	2.5E-4
	0.7431566666666667	2.2E-4


	0.4867066666666667	8.4E-4
	0.4950466666666667	4.7E-4
	0.49621666666666664	4.6E-4
	0.49999333333333335	4.4E-4
	0.5088633333333333	4.0E-4
	0.5138966666666667	3.5E-4
	0.5334066666666667	3.3E-4
	0.5662233333333333	3.1E-4
	0.5677566666666667	2.6E-4
	0.5677566666666667	2.6E-4
	0.5768333333333333	2.5E-4
	0.7431566666666667	2.2E-4


	0.47798666666666667	4.3E-4
	0.4881666666666667	4.0E-4
	0.56302	3.7E-4
	0.5662233333333333	3.1E-4
	0.5662233333333333	3.1E-4
	0.5677566666666667	2.6E-4
	0.5677566666666667	2.6E-4
	0.5768333333333333	2.5E-4
	0.7431566666666667	2.2E-4
	0.7431566666666667	2.2E-4


	0.4758266666666667	6.9E-4
	0.4919733333333333	5.5E-4
	0.49482	5.2E-4
	0.51999	4.3E-4
	0.5394	2.7E-4
	0.5677566666666667	2.6E-4
	0.5768333333333333	2.5E-4
	0.7431566666666667	2.2E-4


