54254.0000	26600.9000	158694	146	144	1	8	112	909	1391	0.46875	R1: 0 10 11 6 8 1 7 0  R2: 0 3 9 2 7 2 5 1 6 9 6 2 10 2 8 9 6 7 3 4 6 10 0  R3: 0 1 3 1 8 1 5 8 6 1 4 3 9 7 5 1 7 0  R4: 0 1 4 3 0  R5: 0 10 5 6 5 10 2 8 1 2 5 9 3 6 7 10 6 4 8 3 1 11 10 5 0  R6: 0 11 7 0  R7: 0 10 1 0  R8: 0 2 6 8 3 0  		
55220.0000	26458.3000	158978	102	137	1	8	150	928	1304	0.46875	R1: 0 10 7 4 3 9 7 0  R2: 0 3 9 1 3 5 1 4 8 6 11 8 1 2 5 6 9 7 3 1 6 10 0  R3: 0 6 8 0  R4: 0 10 5 10 5 2 6 8 9 2 6 3 6 7 10 6 4 1 6 8 3 1 5 10 4 0  R5: 0 7 11 2 7 2 9 5 9 1 3 11 5 10 6 7 2 6 4 0  R6: 0 2 5 1 8 0  R7: 0 10 1 0  R8: 0 8 1 0  		
56456.0000	24836.1286	152737	126	130	0	7	158	1066	1231	0.4285714285714286	R1: 0 3 9 1 3 8 5 2 4 6 1 6 10 2 3 4 7 10 6 8 7 3 1 5 0  R2: 0 10 5 6 2 5 10 2 8 6 9 3 10 5 6 7 5 4 2 11 3 6 10 1 0  R3: 0 1 8 0  R4: 0 7 2 8 1 10 5 7 1 8 1 0  R5: 0 11 7 0  R6: 0 9 2 11 4 3 9 7 2 6 9 6 10 1 8 3 4 0  R7: 0 8 1 0  		
57094.0000	24772.3286	152179	126	130	0	7	157	1079	1223	0.4285714285714286	R1: 0 3 9 1 3 8 5 2 4 6 1 6 10 2 3 4 7 10 6 8 7 3 1 5 0  R2: 0 10 5 6 2 5 10 2 8 6 9 3 10 5 6 7 5 4 2 11 3 6 10 1 0  R3: 0 1 8 0  R4: 0 7 2 8 1 10 5 7 8 1 0  R5: 0 11 7 0  R6: 0 9 2 11 4 3 9 7 2 6 9 6 10 1 8 3 4 0  R7: 0 8 1 0  		
58758.0000	23124.5000	151685	130	118	0	6	159	1111	1190	0.29166666666666663	R1: 0 3 9 1 3 8 5 2 4 6 1 6 10 2 3 4 7 10 6 8 7 3 1 5 0  R2: 0 10 5 6 2 5 10 2 8 6 9 3 10 5 6 7 5 4 2 11 3 6 10 1 0  R3: 0 1 11 7 8 0  R4: 0 7 2 8 1 10 5 1 7 8 1 0  R5: 0 10 1 0  R6: 0 9 2 11 4 3 9 7 2 6 9 6 8 3 1 4 0  		
62954.0000	21283.1000	142691	126	112	1	5	162	1075	1170	0.25	R1: 0 3 9 1 3 8 5 2 4 6 1 6 10 2 3 4 7 10 6 8 7 3 1 5 0  R2: 0 10 5 6 2 5 10 2 8 6 9 3 10 5 6 7 5 4 2 11 3 6 10 1 0  R3: 0 1 11 7 8 0  R4: 0 7 2 8 1 10 5 7 1 8 1 0  R5: 0 9 2 11 4 3 9 7 2 6 9 6 10 1 8 3 4 0  		
73704.0000	18671.4000	132954	126	65	3	4	162	1050	1071	0.1875	R1: 0 3 9 1 3 8 5 2 4 6 1 6 10 2 3 4 7 10 6 8 7 3 1 5 0  R2: 0 10 5 6 2 5 10 2 8 6 9 3 10 5 6 7 5 4 2 11 3 6 10 1 0  R3: 0 7 2 8 1 10 5 1 7 8 1 0  R4: 0 9 2 11 4 3 9 7 2 6 9 6 10 1 8 3 4 0  		
105100.0000	18228.6000	131146	125	32	8	4	125	1087	830	0.25	R1: 0 3 9 1 3 11 2 9 6 5 9 4 2 7 2 6 8 6 4 2 6 1 5 10 9 0  R2: 0 5 1 8 1 8 1 9 11 6 4 3 2 8 10 6 10 1 8 3 0  R3: 0 10 5 10 2 7 5 2 8 10 6 10 3 6 3 7 5 4 7 8 3 10 6 10 1 0  R4: 0 7 3 0  		
47974.0000	28116.5000	165745	146	144	0	9	122	901	1414	0.5	R1: 0 3 9 2 7 2 5 1 6 9 6 2 10 2 8 9 6 7 3 4 6 10 0  R2: 0 11 10 7 6 0  R3: 0 1 3 1 8 1 5 8 6 1 4 3 9 7 5 1 7 0  R4: 0 1 4 3 0  R5: 0 10 5 6 5 10 2 8 1 2 5 9 3 6 7 10 6 4 8 3 1 11 10 5 0  R6: 0 11 7 0  R7: 0 5 7 8 1 0  R8: 0 10 1 0  R9: 0 2 6 8 3 0  		
50258.0000	27696.7000	162627	74	141	1	9	114	843	1342	0.5	R1: 0 5 1 0  R2: 0 10 7 0  R3: 0 3 9 2 7 11 5 2 7 5 1 8 1 7 6 10 6 4 8 1 8 3 0  R4: 0 6 8 9 11 0  R5: 0 2 9 8 7 0  R6: 0 1 3 1 8 1 0  R7: 0 1 3 4 0  R8: 0 10 5 10 5 2 6 8 1 8 9 3 4 6 7 2 3 9 10 7 3 6 1 5 10 0  R9: 0 9 11 6 2 1 3 4 5 7 1 10 2 6 4 0  		
53574.0000	26670.6000	159581	146	144	1	8	122	893	1372	0.46875	R1: 0 3 9 2 7 2 5 1 6 9 6 2 10 2 8 9 6 7 3 4 6 10 0  R2: 0 11 10 7 6 0  R3: 0 1 3 1 8 1 5 8 6 1 4 3 9 7 5 1 7 0  R4: 0 1 4 3 0  R5: 0 10 5 6 5 10 2 8 1 2 5 9 3 6 7 10 6 4 8 3 1 11 10 5 0  R6: 0 11 7 0  R7: 0 5 7 8 1 0  R8: 0 2 6 8 3 0  		
57462.0000	24688.9429	152808	130	136	0	7	151	1087	1219	0.3928571428571429	R1: 0 3 9 1 3 8 5 2 4 6 1 6 10 2 3 4 7 10 6 8 7 3 1 5 0  R2: 0 10 5 6 2 5 10 2 8 6 9 3 10 5 6 7 5 4 2 11 3 6 10 1 0  R3: 0 1 8 0  R4: 0 7 2 8 1 10 5 7 1 8 1 0  R5: 0 11 7 0  R6: 0 10 1 0  R7: 0 9 2 11 4 3 9 7 2 6 9 6 8 3 1 4 0  		
58100.0000	24625.1429	152250	130	136	0	7	150	1100	1211	0.3928571428571429	R1: 0 3 9 1 3 8 5 2 4 6 1 6 10 2 3 4 7 10 6 8 7 3 1 5 0  R2: 0 10 5 6 2 5 10 2 8 6 9 3 10 5 6 7 5 4 2 11 3 6 10 1 0  R3: 0 1 8 0  R4: 0 7 2 8 1 10 5 7 8 1 0  R5: 0 11 7 0  R6: 0 10 1 0  R7: 0 9 2 11 4 3 9 7 2 6 9 6 8 3 1 4 0  		
61632.0000	22979.9000	146589	126	125	1	6	156	1050	1221	0.33333333333333337	R1: 0 3 9 1 3 8 5 2 4 6 1 6 10 2 3 4 7 10 6 8 7 3 1 5 0  R2: 0 10 5 6 2 5 10 2 8 6 9 3 10 5 6 7 5 4 2 11 3 6 10 1 0  R3: 0 7 2 8 1 10 5 7 1 8 1 0  R4: 0 11 7 0  R5: 0 6 10 1 4 0  R6: 0 9 2 11 4 3 9 7 2 6 9 8 1 8 3 0  		
67756.0000	21268.3000	137943	126	125	2	5	158	1052	1174	0.30000000000000004	R1: 0 3 9 1 3 8 5 2 4 6 1 6 10 2 3 4 7 10 6 8 7 3 1 5 0  R2: 0 10 5 6 2 5 10 2 8 6 9 3 10 5 6 7 5 4 2 11 3 6 10 1 0  R3: 0 7 2 8 1 10 5 7 1 8 1 0  R4: 0 11 7 0  R5: 0 9 2 11 4 3 9 7 2 6 9 6 10 1 8 3 4 0  		
